<VTKFile type="UnstructuredGrid" version="0.1" byte_order="LittleEndian">
<UnstructuredGrid>
<Piece NumberOfPoints="191" NumberOfCells="79">
<Points>
<DataArray type="Float64" NumberOfComponents="3" format="ascii">
 1.00346172e+00  5.03440428e+00  1.98667693e+00
 2.00689912e+00  5.03321791e+00  1.99121106e+00
 2.00627375e+00  6.03989840e+00  1.98616624e+00
 1.00217259e+00  6.03864956e+00  1.98309672e+00
 1.00278401e+00  5.03817987e+00  2.98048496e+00
 2.00709510e+00  5.03896523e+00  2.98067069e+00
 2.00473452e+00  6.04791641e+00  2.97430730e+00
 1.00237894e+00  6.04136467e+00  2.97854137e+00
 3.01193476e+00  5.03151560e+00  1.99330711e+00
 3.01308608e+00  6.03891420e+00  1.98727405e+00
 3.01472235e+00  5.03546953e+00  2.98025441e+00
 3.02375937e+00  6.05186224e+00  2.95627570e+00
 5.01196957e+00  5.03548527e+00  2.00001264e+00
 6.01197815e+00  5.03758287e+00  1.99995351e+00
 6.00985527e+00  6.03760147e+00  2.00001287e+00
 5.00983953e+00  6.03548717e+00  2.00004530e+00
 5.01201820e+00  5.03543806e+00  2.99999881e+00
 6.01200771e+00  5.03756046e+00  2.99996567e+00
 6.00989294e+00  6.03754663e+00  2.99999952e+00
 5.00990629e+00  6.03542948e+00  3.00005603e+00
 0.00000000e+00  0.00000000e+00  2.95578432e+00
 1.00825942e+00  0.00000000e+00  2.95475340e+00
 1.00817358e+00  1.00857627e+00  2.95749760e+00
 0.00000000e+00  1.00852191e+00  2.95901203e+00
 0.00000000e+00  0.00000000e+00  3.94067407e+00
 1.01189077e+00  0.00000000e+00  3.94048214e+00
 1.01200831e+00  1.00766551e+00  3.94092703e+00
 0.00000000e+00  1.00749719e+00  3.94299459e+00
 2.01813531e+00  0.00000000e+00  2.95037150e+00
 2.01582956e+00  1.00642169e+00  2.95451689e+00
 2.02287865e+00  0.00000000e+00  3.93822598e+00
 2.02349114e+00  1.00801098e+00  3.93693519e+00
 3.02714396e+00  0.00000000e+00  2.94625688e+00
 3.02724433e+00  1.00466835e+00  2.94776654e+00
 3.03358006e+00  0.00000000e+00  3.93340945e+00
 3.03305125e+00  1.00720787e+00  3.93279433e+00
 4.03802967e+00  0.00000000e+00  2.94216800e+00
 4.03814888e+00  1.00506055e+00  2.94044423e+00
 4.04235125e+00  0.00000000e+00  3.92945170e+00
 4.04234934e+00  1.00567651e+00  3.92733979e+00
 5.04752254e+00  0.00000000e+00  2.93644571e+00
 5.04836512e+00  1.00577855e+00  2.93747377e+00
 5.04974842e+00  0.00000000e+00  3.92767596e+00
 5.04999733e+00  1.00469661e+00  3.92384338e+00
 6.05511189e+00  0.00000000e+00  2.93393040e+00
 6.05666399e+00  1.00460947e+00  2.93534327e+00
 6.05508137e+00  0.00000000e+00  3.92693281e+00
 6.05721140e+00  1.00349557e+00  3.92390943e+00
 1.00495970e+00  2.01576090e+00  2.96426678e+00
 0.00000000e+00  2.01867890e+00  2.96528363e+00
 1.01185775e+00  2.01699805e+00  3.94937778e+00
 0.00000000e+00  2.01723242e+00  3.95045424e+00
 2.01406193e+00  2.01500535e+00  2.95495582e+00
 2.02518177e+00  2.01735640e+00  3.93958831e+00
 3.02445793e+00  2.01714015e+00  2.94345427e+00
 3.03446817e+00  2.01574183e+00  3.92319250e+00
 4.03899431e+00  2.01950765e+00  2.94260955e+00
 4.04099512e+00  2.01263428e+00  3.91908145e+00
 5.05060816e+00  2.01634932e+00  2.94035602e+00
 5.05077934e+00  2.01466751e+00  3.92119789e+00
 6.05989790e+00  2.01342320e+00  2.93925714e+00
 6.06071377e+00  2.01235318e+00  3.92119336e+00
 1.00282133e+00  3.02722192e+00  2.97601533e+00
 0.00000000e+00  3.02694392e+00  2.97261620e+00
 1.00891531e+00  3.02718925e+00  3.95662808e+00
 0.00000000e+00  3.02530813e+00  3.96536684e+00
 2.01253319e+00  3.02483296e+00  2.96560216e+00
 2.02739978e+00  3.02885914e+00  3.93500137e+00
 3.01095653e+00  3.02070069e+00  2.90077019e+00
 3.04208851e+00  3.02264833e+00  3.91285896e+00
 1.00235891e+00  4.03302622e+00  2.98117089e+00
 0.00000000e+00  4.03441000e+00  2.98002386e+00
 1.00471950e+00  4.03544950e+00  3.97267866e+00
 0.00000000e+00  4.03489637e+00  3.97299528e+00
 0.00000000e+00  5.03662539e+00  2.98137283e+00
 1.00556540e+00  5.04294109e+00  3.97513056e+00
 0.00000000e+00  5.04015923e+00  3.97183895e+00
 2.00659108e+00  4.03297329e+00  2.98860574e+00
 2.01564884e+00  4.03780890e+00  3.96544051e+00
 2.01670623e+00  5.04217386e+00  3.97037983e+00
 0.00000000e+00  6.04161406e+00  2.97556686e+00
 1.00938070e+00  6.05474186e+00  3.95738101e+00
 0.00000000e+00  6.05573797e+00  3.96361852e+00
 2.01911998e+00  6.06001139e+00  3.95286107e+00
 3.03058195e+00  5.03680038e+00  3.92976737e+00
 3.04364133e+00  6.04897213e+00  3.93551111e+00
 0.00000000e+00  0.00000000e+00  4.92283249e+00
 1.01526761e+00  0.00000000e+00  4.92165899e+00
 1.01620686e+00  1.00802433e+00  4.92368126e+00
 0.00000000e+00  1.00746572e+00  4.92387342e+00
 2.02784657e+00  0.00000000e+00  4.92034531e+00
 2.02982092e+00  1.00981379e+00  4.92097712e+00
 3.03757215e+00  0.00000000e+00  4.91883135e+00
 3.03880572e+00  1.01078653e+00  4.91721296e+00
 4.04483891e+00  0.00000000e+00  4.91627455e+00
 4.04472208e+00  1.00965858e+00  4.91525459e+00
 5.05087566e+00  0.00000000e+00  4.91582298e+00
 5.05010366e+00  1.00786948e+00  4.91427279e+00
 6.05603790e+00  0.00000000e+00  4.91605568e+00
 6.05647898e+00  1.00787902e+00  4.91486263e+00
 1.01981187e+00  2.01878595e+00  4.92438173e+00
 0.00000000e+00  2.01592565e+00  4.92878437e+00
 2.03437328e+00  2.02076817e+00  4.91836929e+00
 3.04274082e+00  2.01974559e+00  4.91266870e+00
 4.04654598e+00  2.01719308e+00  4.90770054e+00
 5.04940510e+00  2.01442552e+00  4.90496302e+00
 6.05265379e+00  2.01395273e+00  4.90548134e+00
 1.02088559e+00  3.02437973e+00  4.94044018e+00
 0.00000000e+00  3.02858305e+00  4.94670630e+00
 2.03959250e+00  3.02590299e+00  4.91622591e+00
 3.04876995e+00  3.02392983e+00  4.90465736e+00
 4.04467821e+00  3.00883842e+00  3.89417076e+00
 4.05121660e+00  3.02033567e+00  4.90225792e+00
 1.01940012e+00  4.03131247e+00  4.96128559e+00
 0.00000000e+00  4.02737665e+00  4.95463896e+00
 2.04436636e+00  4.03600693e+00  4.92121696e+00
 1.01881135e+00  5.05172014e+00  4.94228220e+00
 0.00000000e+00  5.05289030e+00  4.94542837e+00
 1.02121687e+00  6.07536697e+00  4.93615103e+00
 0.00000000e+00  6.07420540e+00  4.93706989e+00
 2.03419733e+00  5.04541636e+00  4.93323421e+00
 2.04941368e+00  6.06323290e+00  4.93038797e+00
 3.04868984e+00  5.03249979e+00  4.90852594e+00
 3.06431079e+00  6.03695822e+00  4.91362095e+00
 4.02763414e+00  5.02699614e+00  3.88678551e+00
 4.04446983e+00  6.02824783e+00  3.89654613e+00
 4.05843353e+00  5.02067518e+00  4.90178013e+00
 4.06365728e+00  6.02211094e+00  4.90219879e+00
 5.05885458e+00  5.01690435e+00  3.90206957e+00
 6.05885077e+00  5.01291609e+00  3.90206695e+00
 6.06282377e+00  6.01292658e+00  3.90206194e+00
 5.06278753e+00  6.01693773e+00  3.90213299e+00
 5.05883884e+00  5.01690912e+00  4.90207434e+00
 6.05886364e+00  5.01294279e+00  4.90208101e+00
 6.06282234e+00  6.01292372e+00  4.90206099e+00
 5.06292439e+00  6.01681709e+00  4.90212727e+00
 0.00000000e+00  0.00000000e+00  5.90208578e+00
 1.01639068e+00  0.00000000e+00  5.90208578e+00
 1.01842451e+00  1.00948250e+00  5.90208578e+00
 0.00000000e+00  1.00775778e+00  5.90208578e+00
 2.03021216e+00  0.00000000e+00  5.90208578e+00
 2.03177714e+00  1.01150131e+00  5.90208578e+00
 3.03910589e+00  0.00000000e+00  5.90208578e+00
 3.04089284e+00  1.01220095e+00  5.90208578e+00
 4.04520178e+00  0.00000000e+00  5.90208578e+00
 4.04617548e+00  1.01224685e+00  5.90208578e+00
 5.05129337e+00  0.00000000e+00  5.90208578e+00
 5.05015993e+00  1.01108456e+00  5.90208578e+00
 6.05798483e+00  0.00000000e+00  5.90208578e+00
 6.05462456e+00  1.01239455e+00  5.90208578e+00
 1.02304983e+00  2.01579332e+00  5.90208578e+00
 0.00000000e+00  2.01482511e+00  5.90208578e+00
 2.03851891e+00  2.02040458e+00  5.90208578e+00
 3.04531932e+00  2.02172303e+00  5.90208578e+00
 4.04902744e+00  2.01965117e+00  5.90208578e+00
 5.04944801e+00  2.01662922e+00  5.90208578e+00
 6.05049181e+00  2.01522112e+00  5.90208578e+00
 1.02896523e+00  3.03777218e+00  5.90208578e+00
 0.00000000e+00  3.04082656e+00  5.90208578e+00
 2.04671526e+00  3.02998781e+00  5.90208578e+00
 3.05130696e+00  3.02521443e+00  5.90208578e+00
 4.05134296e+00  3.02051878e+00  5.90208578e+00
 5.05147934e+00  3.01655555e+00  4.90181160e+00
 5.05168915e+00  3.01671767e+00  5.90208578e+00
 6.05183411e+00  3.01371312e+00  4.90182161e+00
 6.05180836e+00  3.01417232e+00  5.90208578e+00
 3.05542374e+00  4.02468348e+00  4.89964437e+00
 3.05640531e+00  4.02565002e+00  5.90208578e+00
 2.05689096e+00  4.03290939e+00  5.90208578e+00
 4.05513668e+00  4.02032566e+00  4.90228415e+00
 4.05512571e+00  4.02046013e+00  5.90208578e+00
 5.05491972e+00  4.01693010e+00  4.90208340e+00
 5.05495644e+00  4.01687384e+00  5.90208578e+00
 6.05492973e+00  4.01331234e+00  4.90206385e+00
 6.05490255e+00  4.01316452e+00  5.90208578e+00
 0.00000000e+00  4.01547909e+00  5.90208578e+00
 1.04095840e+00  4.02174664e+00  5.90208578e+00
 1.02834201e+00  5.06080246e+00  5.90208578e+00
 0.00000000e+00  5.06154156e+00  5.90208578e+00
 5.05877399e+00  5.01689053e+00  5.90208578e+00
 4.05868769e+00  5.02087688e+00  5.90208578e+00
 6.05889130e+00  5.01297855e+00  5.90208578e+00
 1.03062701e+00  6.07924986e+00  5.90208578e+00
 0.00000000e+00  6.08406782e+00  5.90208578e+00
 2.04099250e+00  5.04654598e+00  5.90208578e+00
 2.06107831e+00  6.06072330e+00  5.90208578e+00
 3.05437469e+00  5.02931643e+00  5.90208578e+00
 3.06837368e+00  6.03374767e+00  5.90208578e+00
 4.06416988e+00  6.02139378e+00  5.90208578e+00
 5.06291628e+00  6.01674080e+00  5.90208578e+00
 6.06281281e+00  6.01294899e+00  5.90208578e+00
</DataArray>
</Points>
<PointData Tensors="Stress_Components,Plastic_strain_components" Vevtors="Spatial_displacement,Reaction_force" Scalars="Equivalent_plastic_strain,Stress_Mises,Stress_Max_Principal,Stress_Mid_Principal,Stress_Min_Principal,Stress_Pressure,Stress_Tresca,Stress_Third_Invariant,Plastic_strain_Max_Principal,Plastic_strain_Min_Principal">
<DataArray type="Float32" Name="Stress_Components" NumberOfComponents="9" format="ascii">
2.65453564e+00 -1.90642948e+00 4.96303856e-01 -1.90642948e+00 1.67217802e+00 1.74933400e+00 4.96303856e-01 1.74933400e+00 -2.40878024e+01
9.35345665e-01 -2.33337331e+00 6.14381968e-01 -2.33337331e+00 3.21166936e-01 2.36349880e+00 6.14381968e-01 2.36349880e+00 -2.66346087e+01
-2.85865307e+00 2.86918499e-01 1.15080377e+00 2.86918499e-01 5.41122451e-01 -2.42421377e-01 1.15080377e+00 -2.42421377e-01 -3.28064356e+01
2.47294158e-02 3.53633575e-02 -8.34495105e-01 3.53633575e-02 2.98554647e+00 -5.45369044e-01 -8.34495105e-01 -5.45369044e-01 -2.66482015e+01
1.19004181e+01 9.26115999e-01 2.33097319e+00 9.26115999e-01 1.35953608e+01 -4.80675265e-01 2.33097319e+00 -4.80675265e-01 -2.36108881e+00
8.53863403e+00 -7.28193275e-01 -4.79913024e-01 -7.28193275e-01 1.10308699e+01 1.68634693e+00 -4.79913024e-01 1.68634693e+00 -1.01934267e+01
-6.76969254e+00 1.12354168e+00 1.17158610e+00 1.12354168e+00 -2.98421836e+00 -2.19016776e+00 1.17158610e+00 -2.19016776e+00 -3.84197540e+01
-2.04826468e+00 2.36815582e+00 3.45575188e+00 2.36815582e+00 1.64485931e-01 2.84513345e+00 3.45575188e+00 2.84513345e+00 -2.96142070e+01
-4.46559548e-01 7.80056849e-01 -3.47364474e+00 7.80056849e-01 -1.62283194e+00 3.63108310e+00 -3.47364474e+00 3.63108310e+00 -3.19528277e+01
-2.30183220e+01 5.90302527e-01 7.88026023e-01 5.90302527e-01 -2.05200438e+01 4.94292295e+00 7.88026023e-01 4.94292295e+00 -7.79502335e+01
-3.00478853e+01 3.75968075e+00 -1.54249010e+01 3.75968075e+00 -2.92359947e+01 1.79135848e+00 -1.54249010e+01 1.79135848e+00 -8.90609589e+01
-2.59956946e+01 5.76576900e+00 -9.80240011e+00 5.76576900e+00 -3.39747009e+01 -2.81303430e+00 -9.80240011e+00 -2.81303430e+00 -9.10089912e+01
1.18961573e-01 -6.69521570e-01 7.68140256e-02 -6.69521570e-01 -1.45613045e-01 -1.28340926e-01 7.68140256e-02 -1.28340926e-01 -3.59740272e-01
-2.29592070e-01 -5.29535562e-01 -3.26275736e-01 -5.29535562e-01 1.95996916e-01 -8.73643756e-02 -3.26275736e-01 -8.73643756e-02 -3.52800019e-01
2.25187590e-01 -1.84421882e-01 3.54916889e-01 -1.84421882e-01 3.70609969e-01 1.93440650e-01 3.54916889e-01 1.93440650e-01 -9.82195586e-01
1.59207715e-01 -3.24498400e-01 -2.44730402e-01 -3.24498400e-01 -3.85429867e-01 -2.73834914e-01 -2.44730402e-01 -2.73834914e-01 -1.60209451e-01
1.42452747e-01 2.19391853e-01 2.16521308e-01 2.19391853e-01 2.18660459e-01 3.20623457e-01 2.16521308e-01 3.20623457e-01 -9.60752666e-02
-1.44139484e-01 1.61703467e-01 2.45763317e-01 1.61703467e-01 -2.94816613e-01 -7.61646032e-02 2.45763317e-01 -7.61646032e-02 7.04006076e-01
1.31775692e-01 4.82392535e-02 -4.42648768e-01 4.82392535e-02 9.65830982e-02 -3.92511696e-01 -4.42648768e-01 -3.92511696e-01 3.66977900e-02
-2.77468473e-01 1.05913259e-01 -1.38841039e-02 1.05913259e-01 -8.58424008e-02 2.03074679e-01 -1.38841039e-02 2.03074679e-01 6.28341436e-01
1.51561439e-01 8.14457890e-04 1.89630353e+00 8.14457890e-04 6.67027414e-01 -2.82490969e-01 1.89630353e+00 -2.82490969e-01 -2.89774227e+01
6.04215221e-01 6.02950659e-02 1.26509818e+00 6.02950659e-02 2.38300309e-01 2.86815908e-01 1.26509818e+00 2.86815908e-01 -2.89783511e+01
5.51233944e-01 -1.49236095e+00 1.83697023e+00 -1.49236095e+00 7.16453023e-01 4.89523161e-01 1.83697023e+00 4.89523161e-01 -2.82251129e+01
-6.65144980e-01 1.01727108e-01 1.78597780e+00 1.01727108e-01 7.40801618e-01 -9.84972164e-01 1.78597780e+00 -9.84972164e-01 -2.97611027e+01
2.53792799e+00 -2.09800014e-03 1.19443488e+00 -2.09800014e-03 -1.47214255e+00 -1.53748557e-01 1.19443488e+00 -1.53748557e-01 -2.85576754e+01
1.21709708e+00 8.28659981e-02 5.04060812e-01 8.28659981e-02 -2.05922812e+00 1.21545164e+00 5.04060812e-01 1.21545164e+00 -3.06394305e+01
1.48586021e+00 1.41073413e-01 1.85217857e+00 1.41073413e-01 -1.46105342e+00 6.65894883e-01 1.85217857e+00 6.65894883e-01 -2.94934021e+01
4.99008372e-01 1.80865332e-01 2.00817692e+00 1.80865332e-01 -2.67613232e+00 -8.44057456e-01 2.00817692e+00 -8.44057456e-01 -3.18641829e+01
2.69358222e+00 -1.45499486e+00 1.81457910e+00 -1.45499486e+00 -5.15280604e-01 1.54832097e-01 1.81457910e+00 1.54832097e-01 -2.72602558e+01
2.24240807e+00 -2.20075282e+00 1.57934807e+00 -2.20075282e+00 2.32176051e-01 8.34047787e-01 1.57934807e+00 8.34047787e-01 -2.66407245e+01
1.61594918e+00 3.68210435e-01 -1.85975585e-01 3.68210435e-01 -9.23789203e-01 7.82939484e-01 -1.85975585e-01 7.82939484e-01 -2.91556821e+01
-3.03367727e-01 3.72773176e-01 1.34974149e+00 3.72773176e-01 -1.72241006e+00 1.87394542e+00 1.34974149e+00 1.87394542e+00 -3.20073588e+01
4.71088529e+00 8.68737958e-02 6.55770242e-01 8.68737958e-02 -1.02689446e+00 1.08305394e+00 6.55770242e-01 1.08305394e+00 -2.54010100e+01
3.25087278e+00 -9.57104791e-01 -4.03213549e-01 -9.57104791e-01 -1.15119699e-01 -6.27593406e-01 -4.03213549e-01 -6.27593406e-01 -2.60422559e+01
2.39150709e+00 -5.11648372e-01 -1.36881106e-01 -5.11648372e-01 -3.06524694e-01 8.48380908e-01 -1.36881106e-01 8.48380908e-01 -2.76479945e+01
-2.18285590e-01 -6.11099377e-01 -7.45280311e-01 -6.11099377e-01 -1.81542694e+00 6.48467966e-01 -7.45280311e-01 6.48467966e-01 -3.19336476e+01
6.38074745e+00 2.24894665e-01 -8.82067472e-01 2.24894665e-01 4.57685769e-01 -2.24266093e-01 -8.82067472e-01 -2.24266093e-01 -2.19993978e+01
-4.07603756e-01 4.95593449e-01 -1.00691056e+00 4.95593449e-01 -2.65261096e+00 1.13648921e-03 -1.00691056e+00 1.13648921e-03 -3.28239131e+01
2.65425742e+00 -8.95705428e-02 -1.33443266e+00 -8.95705428e-02 -6.05350941e-01 6.67573839e-01 -1.33443266e+00 6.67573839e-01 -2.76140108e+01
4.34098845e+00 -1.24218440e+00 -1.31327398e+00 -1.24218440e+00 1.79586658e+00 -8.22123822e-01 -1.31327398e+00 -8.22123822e-01 -2.30032699e+01
7.45001280e+00 4.10570860e-01 7.41126746e-01 4.10570860e-01 3.72756222e+00 -8.83625224e-01 7.41126746e-01 -8.83625224e-01 -1.76235402e+01
2.13866657e+00 5.26490147e-01 -3.26604117e-02 5.26490147e-01 5.42511940e-02 1.63946226e-01 -3.26604117e-02 1.63946226e-01 -2.75076033e+01
5.10807782e+00 1.05629113e-01 -2.66568100e+00 1.05629113e-01 2.70808165e+00 2.89591316e-01 -2.66568100e+00 2.89591316e-01 -2.10991735e+01
2.27767007e+00 -4.60795216e-01 -1.49666418e+00 -4.60795216e-01 1.59243080e+00 -6.39694244e-01 -1.49666418e+00 -6.39694244e-01 -2.53832376e+01
1.00079036e+01 6.41098171e-01 8.85445148e-01 6.41098171e-01 6.29037511e+00 -1.12188421e+00 8.85445148e-01 -1.12188421e+00 -1.19042635e+01
7.22721079e+00 3.52967031e-01 -1.16797213e-01 3.52967031e-01 4.94801694e+00 -8.29845823e-01 -1.16797213e-01 -8.29845823e-01 -1.66681567e+01
7.87846160e+00 1.70497787e+00 -2.16750121e+00 1.70497787e+00 5.46619570e+00 -5.55941023e-01 -2.16750121e+00 -5.55941023e-01 -1.51165981e+01
5.64986327e+00 9.58350509e-01 -8.47763419e-01 9.58350509e-01 3.78636205e+00 -2.35372249e-01 -8.47763419e-01 -2.35372249e-01 -1.93974403e+01
-6.59482390e-01 -2.45483644e+00 4.11304741e+00 -2.45483644e+00 2.55970896e+00 -1.54227596e-01 4.11304741e+00 -1.54227596e-01 -2.54461466e+01
-7.78253257e-01 -1.65532035e+00 2.87230343e+00 -1.65532035e+00 4.47427343e+00 -3.86555575e-01 2.87230343e+00 -3.86555575e-01 -2.49596004e+01
-3.16573098e+00 -4.65538167e-01 4.85073432e+00 -4.65538167e-01 -6.03982198e+00 1.39207882e+00 4.85073432e+00 1.39207882e+00 -3.84459311e+01
-1.18316710e-03 -1.47316091e-01 4.20727569e+00 -1.47316091e-01 -2.09597525e+00 -5.84713064e-01 4.20727569e+00 -5.84713064e-01 -3.11616936e+01
1.18418741e+00 -4.94316442e-01 2.38284535e+00 -4.94316442e-01 -1.23394898e-02 -5.42172883e-01 2.38284535e+00 -5.42172883e-01 -3.03254933e+01
-6.76919475e-01 8.32979293e-01 1.33958820e+00 8.32979293e-01 -1.43041646e+00 -1.25071378e+00 1.33958820e+00 -1.25071378e+00 -3.20675789e+01
-2.34110941e+01 -1.56188476e+00 -8.62645245e+00 -1.56188476e+00 -2.38328243e+01 -2.86339951e-01 -8.62645245e+00 -2.86339951e-01 -7.66472458e+01
5.72726727e-02 1.28342456e+00 -5.09262286e+00 1.28342456e+00 2.25370952e-02 -1.98953050e-01 -5.09262286e+00 -1.98953050e-01 -2.84288484e+01
-1.81848145e+01 1.43409848e-01 -2.63905284e+00 1.43409848e-01 -1.58531377e+01 1.90222247e+00 -2.63905284e+00 1.90222247e+00 -6.65682468e+01
-8.03556194e+00 -8.08735055e-01 -9.80395708e+00 -8.08735055e-01 -1.29491548e+01 1.77983878e+00 -9.80395708e+00 1.77983878e+00 -4.66505463e+01
-9.42977107e+00 -3.05032760e-01 -5.71791410e-01 -3.05032760e-01 -8.81002712e+00 1.26453808e+00 -5.71791410e-01 1.26453808e+00 -4.96347418e+01
-1.23703630e+01 3.98451179e-01 -2.87436008e+00 3.98451179e-01 -1.12658231e+01 -1.11721434e-01 -2.87436008e+00 -1.11721434e-01 -5.56872873e+01
-2.30127949e+00 2.49649458e-01 -5.03075302e-01 2.49649458e-01 -1.79295802e+00 3.46861415e-01 -5.03075302e-01 3.46861415e-01 -3.43439064e+01
-1.08358557e+01 6.85255259e-01 -2.30141115e+00 6.85255259e-01 -1.07275629e+01 -3.30777794e+00 -2.30141115e+00 -3.30777794e+00 -5.24699326e+01
-5.55530768e+00 -1.42317500e+00 5.68369368e+00 -1.42317500e+00 -6.05632561e-01 4.30160778e-01 5.68369368e+00 4.30160778e-01 -3.26845049e+01
4.06072056e+00 5.25057428e-01 3.74296394e+00 5.25057428e-01 9.91430318e+00 1.07932044e+00 3.74296394e+00 1.07932044e+00 -1.31096230e+01
1.13151407e+00 -7.15709858e-01 4.52825313e+00 -7.15709858e-01 -8.73518808e-01 -9.33938929e-01 4.52825313e+00 -9.33938929e-01 -2.78397624e+01
4.75620221e+00 4.99663495e-01 4.50972414e+00 4.99663495e-01 5.82421678e+00 -2.10570461e+00 4.50972414e+00 -2.10570461e+00 -1.70388157e+01
-3.65165677e+01 -5.15879500e+00 1.11768314e+01 -5.15879500e+00 -3.31393237e+01 -1.10494481e+01 1.11768314e+01 -1.10494481e+01 -9.50651302e+01
-1.18199628e+01 -2.39040375e-01 1.52904415e-01 -2.39040375e-01 -1.85755673e+01 -4.82215524e+00 1.52904415e-01 -4.82215524e+00 -6.10265320e+01
-2.82161999e+01 -8.27697468e+00 -2.87137623e+01 -8.27697468e+00 -2.55222225e+01 -1.59517937e+01 -2.87137623e+01 -1.59517937e+01 -1.96557045e+01
2.19643003e+01 -9.06657060e-01 -1.49826034e+00 -9.06657060e-01 2.31753645e+01 -4.20305061e+00 -1.49826034e+00 -4.20305061e+00 1.59349365e+01
3.28656269e+00 -5.87864831e-01 2.37586878e+00 -5.87864831e-01 6.88804357e+00 2.96515203e+00 2.37586878e+00 2.96515203e+00 -1.73413671e+01
3.46085048e+00 -1.26183254e+00 4.56036749e+00 -1.26183254e+00 7.60478002e+00 2.46502720e-02 4.56036749e+00 2.46502720e-02 -1.51556952e+01
1.28375145e+01 -2.01102982e-01 3.10085244e+00 -2.01102982e-01 1.50102553e+01 7.28743225e-01 3.10085244e+00 7.28743225e-01 2.31130878e+00
1.47808645e+01 -2.76311881e-01 1.30989832e+00 -2.76311881e-01 1.68974236e+01 4.88636717e-01 1.30989832e+00 4.88636717e-01 4.21359539e+00
5.60146862e+00 1.35913163e+00 -6.52645230e-02 1.35913163e+00 7.90416253e+00 -4.11473148e-01 -6.52645230e-02 -4.11473148e-01 -1.45953218e+01
4.48629856e-02 1.87982698e+00 4.80845485e-02 1.87982698e+00 1.68091284e+00 3.27755536e+00 4.80845485e-02 3.27755536e+00 -2.60461048e+01
2.80906406e+00 1.51231188e+00 6.72369182e-01 1.51231188e+00 6.69244444e+00 1.21803465e+00 6.72369182e-01 1.21803465e+00 -1.89169772e+01
-1.59267457e+01 -2.25058123e-02 2.34804648e+00 -2.25058123e-02 -1.03001344e+01 1.22045748e+01 2.34804648e+00 1.22045748e+01 -4.46468158e+01
-3.74824305e+01 -1.78883123e+00 1.32534947e+01 -1.78883123e+00 -4.59808598e+01 5.90844405e+00 1.32534947e+01 5.90844405e+00 -1.15865692e+02
-1.16061331e+01 -1.25058753e+00 -3.41939554e+00 -1.25058753e+00 -9.03300030e+00 -1.16145802e+00 -3.41939554e+00 -1.16145802e+00 -4.91701635e+01
-3.06052828e+00 -1.27822984e-01 1.37196314e+00 -1.27822984e-01 2.23950112e+00 2.61496484e+00 1.37196314e+00 2.61496484e+00 -2.98499436e+01
5.05420876e+00 1.79141423e+00 -1.04412649e+00 1.79141423e+00 6.13730717e+00 1.06411638e+00 -1.04412649e+00 1.06411638e+00 -1.85004172e+01
-6.34918857e+00 -1.29032788e+00 3.41815305e+00 -1.29032788e+00 3.18518162e-01 -1.92447430e+00 3.41815305e+00 -1.92447430e+00 -3.57769938e+01
-9.06714410e+00 -1.19135225e+00 -3.33971930e+00 -1.19135225e+00 -8.19008780e+00 5.53078425e+00 -3.33971930e+00 5.53078425e+00 -4.55144815e+01
-3.17273928e+01 4.41429591e+00 7.17728168e-01 4.41429591e+00 -2.41170187e+01 -1.86678297e+01 7.17728168e-01 -1.86678297e+01 -7.78394578e+01
-9.18028180e+00 -1.40405683e+00 -2.55973127e+00 -1.40405683e+00 -9.38860766e+00 -5.36513066e+00 -2.55973127e+00 -5.36513066e+00 -4.59813360e+01
2.03915763e+00 -4.15417412e-03 4.43505242e-01 -4.15417412e-03 -4.70936751e+00 -4.61509198e-01 4.43505242e-01 -4.61509198e-01 -3.21365108e+01
7.60312170e-01 4.23482560e-01 6.97904602e-01 4.23482560e-01 -4.27146177e+00 6.66886779e-01 6.97904602e-01 6.66886779e-01 -3.33102617e+01
9.26693400e-01 1.48223078e+00 1.09567112e+00 1.48223078e+00 -3.67097384e+00 7.33486442e-01 1.09567112e+00 7.33486442e-01 -3.23532264e+01
2.08269284e+00 2.65376613e-01 1.16831613e+00 2.65376613e-01 -4.51092452e+00 -1.68288212e-01 1.16831613e+00 -1.68288212e-01 -3.18496304e+01
-2.34189641e+00 1.12093942e+00 -5.25986403e-03 1.12093942e+00 -3.02007234e+00 1.34733541e+00 -5.25986403e-03 1.34733541e+00 -3.56031709e+01
-1.74576383e+00 2.29794592e+00 5.10137762e-01 2.29794592e+00 -1.96583410e+00 6.76088549e-01 5.10137762e-01 6.76088549e-01 -3.34823902e+01
-3.58388956e+00 7.77330920e-01 -7.37131417e-01 7.77330920e-01 -6.49720117e-01 3.82063536e-01 -7.37131417e-01 3.82063536e-01 -3.44474349e+01
-4.00468612e+00 1.45473143e+00 -2.51248648e-01 1.45473143e+00 -3.28162495e-01 1.12405753e+00 -2.51248648e-01 1.12405753e+00 -3.41325872e+01
-2.59778608e+00 -2.61570197e-01 -4.18179862e-01 -2.61570197e-01 1.27583387e+00 1.54685329e-01 -4.18179862e-01 1.54685329e-01 -3.12865534e+01
-2.20740570e+00 -4.11414800e-01 -7.20782280e-01 -4.11414800e-01 2.05843233e+00 2.89216895e-01 -7.20782280e-01 2.89216895e-01 -2.96738713e+01
-8.14664945e-01 -6.88793615e-01 -9.84809816e-01 -6.88793615e-01 2.63871981e+00 4.54401936e-01 -9.84809816e-01 4.54401936e-01 -2.78568878e+01
3.95657286e-01 -1.34372016e+00 -2.03582065e+00 -1.34372016e+00 2.41562492e+00 -1.83542244e-01 -2.03582065e+00 -1.83542244e-01 -2.63028195e+01
-9.07272577e-01 3.50209787e-01 -7.75977582e-01 3.50209787e-01 3.70108020e+00 8.88013154e-01 -7.75977582e-01 8.88013154e-01 -2.68018351e+01
-4.05181348e-02 -1.58535474e+00 -1.01545712e+00 -1.58535474e+00 1.11280811e+00 -9.44649622e-01 -1.01545712e+00 -9.44649622e-01 -2.83578835e+01
2.68994663e-02 2.03874528e+00 2.20454555e+00 2.03874528e+00 -6.34367263e+00 8.94131098e-01 2.20454555e+00 8.94131098e-01 -3.55332180e+01
-8.95522118e-01 1.13152947e+00 3.12322959e+00 1.13152947e+00 -8.21707988e+00 -1.18989047e+00 3.12322959e+00 -1.18989047e+00 -3.83268121e+01
1.13064134e+00 2.47943503e+00 -1.47472913e-01 2.47943503e+00 -7.45889962e-01 5.22559211e-01 -1.47472913e-01 5.22559211e-01 -2.90828773e+01
3.82482207e+00 2.14481627e+00 -2.61045803e+00 2.14481627e+00 4.84005780e+00 -2.34727427e-01 -2.61045803e+00 -2.34727427e-01 -1.91152694e+01
2.55264161e+00 9.33142168e-01 -3.29729477e+00 9.33142168e-01 5.87871001e+00 -2.56956083e-01 -3.29729477e+00 -2.56956083e-01 -2.05976340e+01
-7.56516854e-01 -8.25233201e-01 -5.27326477e+00 -8.25233201e-01 2.53081028e+00 -2.09250058e+00 -5.27326477e+00 -2.09250058e+00 -2.66893603e+01
-1.11700940e+00 -4.18271947e+00 -7.53519662e+00 -4.18271947e+00 -4.65777636e+00 -4.69374164e+00 -7.53519662e+00 -4.69374164e+00 -3.06256348e+01
-4.56352409e+00 -2.34294896e-01 7.72118572e+00 -2.34294896e-01 -1.53968981e+01 -1.72448506e+00 7.72118572e+00 -1.72448506e+00 -4.69700704e+01
-1.33649236e+01 -1.92064993e+00 9.25057745e+00 -1.92064993e+00 -2.57512477e+01 -3.24731779e+00 9.25057745e+00 -3.24731779e+00 -6.67025846e+01
4.27668741e+00 2.23284024e+00 6.90777302e-01 2.23284024e+00 -1.37083002e+00 -3.02393370e+00 6.90777302e-01 -3.02393370e+00 -2.56701256e+01
1.04637441e+01 3.50718751e+00 -5.56730709e+00 3.50718751e+00 5.89722057e+00 -8.99114884e-01 -5.56730709e+00 -8.99114884e-01 -8.33461881e+00
-1.41367340e+01 -1.10173559e+01 -1.71267433e+01 -1.10173559e+01 -2.83832550e+01 -1.22850780e+01 -1.71267433e+01 -1.22850780e+01 -6.14285851e+00
1.87536976e+01 2.46575439e+00 -1.92540953e+00 2.46575439e+00 1.58158195e+01 -4.47441688e+00 -1.92540953e+00 -4.47441688e+00 1.23107078e+01
-6.61210853e+00 6.30931082e-01 6.04010820e-01 6.30931082e-01 -1.11729805e+01 5.58251405e+00 6.04010820e-01 5.58251405e+00 -4.20793777e+01
-2.46142165e+00 1.37200516e+00 -3.44364373e+00 1.37200516e+00 -6.01488415e+00 3.11872546e+00 -3.44364373e+00 3.11872546e+00 -3.78551362e+01
-3.06640911e+01 -1.36589658e+00 3.58538032e+00 -1.36589658e+00 -4.51393023e+01 -8.74596667e+00 3.58538032e+00 -8.74596667e+00 -1.13392647e+02
-8.89403530e+00 -5.42349599e-01 -5.56819533e-01 -5.42349599e-01 -5.31234640e+00 3.11366938e+00 -5.56819533e-01 3.11366938e+00 -4.50778557e+01
-2.66168571e+00 -2.51746498e-01 1.88636510e+00 -2.51746498e-01 9.20991302e-02 -1.29001496e-01 1.88636510e+00 -1.29001496e-01 -3.29131565e+01
-2.16976979e+00 -9.20193896e-01 1.40809874e+00 -9.20193896e-01 -4.13246500e+00 1.97165307e+00 1.40809874e+00 1.97165307e+00 -3.62583071e+01
4.80421543e-01 2.40105800e-01 2.38595825e+00 2.40105800e-01 1.39538288e-01 -1.10737601e+00 2.38595825e+00 -1.10737601e+00 -2.88670728e+01
-1.55946181e+01 1.95686535e+00 -1.28576438e+00 1.95686535e+00 -1.62234111e+01 -3.80728758e+00 -1.28576438e+00 -3.80728758e+00 -6.32340870e+01
-3.90389669e+00 -1.77482960e+00 -1.64432743e+00 -1.77482960e+00 -8.40268093e+00 4.35163262e+00 -1.64432743e+00 4.35163262e+00 -4.12609649e+01
1.54545972e+01 2.06100519e+00 3.96597356e-01 2.06100519e+00 5.70560169e+00 2.33845766e+00 3.96597356e-01 2.33845766e+00 -1.29865475e+01
1.71256113e+00 -2.11783332e+00 -2.47010991e-01 -2.11783332e+00 6.45466688e+00 -6.16174519e-01 -2.47010991e-01 -6.16174519e-01 -2.01671202e+01
3.76306763e+01 2.21770120e+00 2.71000648e+00 2.21770120e+00 3.54920158e+01 3.02167916e+00 2.71000648e+00 3.02167916e+00 5.49164162e+01
8.81292439e+00 -2.04283237e+00 3.30833554e+00 -2.04283237e+00 1.26341476e+01 -7.24012232e+00 3.30833554e+00 -7.24012232e+00 2.63809643e+01
4.06015360e+00 -4.10639989e+00 -1.82506998e+00 -4.10639989e+00 2.14674354e-01 3.16901207e+00 -1.82506998e+00 3.16901207e+00 -4.03093100e-01
8.33316294e+00 -5.01282578e+00 -6.48684606e-01 -5.01282578e+00 1.76425819e+01 -4.51344734e+00 -6.48684606e-01 -4.51344734e+00 1.29334633e+01
-7.82237768e-01 -1.13877583e+00 1.42237031e+00 -1.13877583e+00 7.76161551e-01 -3.67473900e-01 1.42237031e+00 -3.67473900e-01 -7.62851894e-01
-5.90092242e-01 -3.09824318e-01 4.44427907e-01 -3.09824318e-01 2.11954582e-04 2.20812261e-01 4.44427907e-01 2.20812261e-01 -1.78971693e-01
7.20930636e-01 -7.93777227e-01 -1.65569156e-01 -7.93777227e-01 -3.46843541e-01 -1.51245391e+00 -1.65569156e-01 -1.51245391e+00 -1.14298034e+00
4.65426743e-01 -1.62311506e+00 -1.18011713e+00 -1.62311506e+00 3.65697265e-01 1.36694884e+00 -1.18011713e+00 1.36694884e+00 -1.60004926e+00
6.25347622e+00 3.33008969e+00 8.01509988e-01 3.33008969e+00 -1.46052784e+00 2.06794701e+00 8.01509988e-01 2.06794701e+00 -5.04955268e-01
9.81248518e-01 -3.45139220e-01 5.25211826e-01 -3.45139220e-01 -5.71449598e+00 6.19237234e-01 5.25211826e-01 6.19237234e-01 -4.28321213e-02
-3.75463688e+00 1.35637671e+00 -1.77753158e-01 1.35637671e+00 -3.22801739e-01 -1.49512511e+00 -1.77753158e-01 -1.49512511e+00 6.65296406e-01
-5.45162813e+00 -2.62937140e+00 -1.03613644e+00 -2.62937140e+00 2.18303068e+00 -6.87205116e-01 -1.03613644e+00 -6.87205116e-01 3.31888465e+00
1.65297747e+00 -8.09086859e-03 -8.25300813e-04 -8.09086859e-03 -5.25820446e+00 4.97763511e-04 -8.25300813e-04 4.97763511e-04 -3.31430779e+01
7.98177481e-01 8.58559191e-01 -8.06693546e-03 8.58559191e-01 -3.78243983e+00 4.83683333e-01 -8.06693546e-03 4.83683333e-01 -3.28413353e+01
-2.21114218e-01 2.23337644e+00 6.38421297e-01 2.23337644e+00 -6.46487293e+00 9.87615854e-01 6.38421297e-01 9.87615854e-01 -3.62110171e+01
1.99366724e+00 6.30252630e-01 2.41505429e-01 6.30252630e-01 -6.59109724e+00 -5.45777823e-03 2.41505429e-01 -5.45777823e-03 -3.38189650e+01
-2.85148194e+00 6.99929148e-01 -6.74774172e-03 6.99929148e-01 -2.18807292e+00 1.26759928e+00 -6.74774172e-03 1.26759928e+00 -3.52559624e+01
-3.41905028e+00 2.93069655e+00 7.93969631e-01 2.93069655e+00 -3.70312475e+00 9.60940942e-01 7.93969631e-01 9.60940942e-01 -3.69459305e+01
-6.44904780e+00 1.09134310e+00 1.09676300e-02 1.09134310e+00 -5.58218151e-01 9.35965657e-01 1.09676300e-02 9.35965657e-01 -3.69486952e+01
-4.67601956e+00 2.20854190e+00 9.60987598e-01 2.20854190e+00 1.20177150e-01 1.31152424e+00 9.60987598e-01 1.31152424e+00 -3.40130320e+01
-6.62678063e+00 5.18473610e-01 1.46564706e-02 5.18473610e-01 1.30949977e+00 2.45681301e-01 1.46564706e-02 2.45681301e-01 -3.48526506e+01
-5.86603081e+00 9.34267305e-01 1.95111439e+00 9.34267305e-01 1.57974377e+00 1.17780310e+00 1.95111439e+00 1.17780310e+00 -3.36075068e+01
-5.36659241e+00 -7.97078520e-01 1.63612766e-02 -7.97078520e-01 1.27682751e+00 2.41822965e-01 1.63612766e-02 2.41822965e-01 -3.38024445e+01
-4.50640818e+00 -8.68684571e-01 2.57776049e+00 -8.68684571e-01 2.13694777e+00 1.24810301e-01 2.57776049e+00 1.24810301e-01 -3.19539208e+01
-9.01583958e+00 -2.39426756e+00 1.49557209e-02 -2.39426756e+00 -1.94224387e-01 1.21669364e+00 1.49557209e-02 1.21669364e+00 -3.86795158e+01
-6.22046041e+00 -2.28017098e+00 3.89003706e+00 -2.28017098e+00 -1.47469831e+00 -1.97980207e+00 3.89003706e+00 -1.97980207e+00 -3.67715931e+01
2.11268220e+00 3.24574515e+00 -1.15172532e+00 3.24574515e+00 -2.80475140e+00 1.14517974e+00 -1.15172532e+00 1.14517974e+00 -2.94301772e+01
-1.39085865e+00 7.81930447e-01 -7.26016253e-01 7.81930447e-01 -9.12560129e+00 3.40104271e-02 -7.26016253e-01 3.40104271e-02 -4.01903172e+01
1.01074147e+00 4.49367207e+00 1.07588992e-02 4.49367207e+00 5.57658181e-01 2.12221718e+00 1.07588992e-02 2.12221718e+00 -2.65309212e+01
1.61705619e+00 3.77335635e+00 1.47065850e+00 3.77335635e+00 2.81576592e+00 2.01308334e+00 1.47065850e+00 2.01308334e+00 -2.39252099e+01
6.97532113e+00 4.24666330e-02 2.94645303e+00 4.24666330e-02 8.94853961e+00 2.84702605e+00 2.94645303e+00 2.84702605e+00 -1.13989508e+01
9.52699611e+00 -4.59644794e-01 4.68360791e+00 -4.59644794e-01 1.18139164e+01 -6.87617962e-02 4.68360791e+00 -6.87617962e-02 -4.76822150e+00
1.02589345e+01 -2.02090907e+00 2.66676575e+00 -2.02090907e+00 5.66238022e+00 -5.18558681e+00 2.66676575e+00 -5.18558681e+00 -1.19875035e+01
-3.50430737e+01 4.88803864e-01 6.14410973e+00 4.88803864e-01 -3.86175594e+01 4.65797412e+00 6.14410973e+00 4.65797412e+00 -1.09253597e+02
-4.27599869e+01 -1.19883382e+00 5.20108175e+00 -1.19883382e+00 -4.67171555e+01 5.44118173e-02 5.20108175e+00 5.44118173e-02 -1.26753067e+02
3.56687784e+00 3.13777290e+00 1.93516542e+00 3.13777290e+00 6.21671200e-01 3.94917393e+00 1.93516542e+00 3.94917393e+00 -2.41524429e+01
1.80342573e+01 1.27945764e+00 1.26624718e+00 1.27945764e+00 1.94326053e+01 3.91018336e+00 1.26624718e+00 3.91018336e+00 9.50518966e+00
1.78059132e+01 -4.02020274e+00 1.44987468e+00 -4.02020274e+00 1.52365828e+01 1.83022092e+00 1.44987468e+00 1.83022092e+00 4.15691942e+00
-1.15068211e+00 -2.56780028e-01 -1.78965235e+00 -2.56780028e-01 8.20589036e+00 -2.69667357e-01 -1.78965235e+00 -2.69667357e-01 -2.51351096e+00
9.65039217e+00 -2.18840230e+00 1.97996665e+00 -2.18840230e+00 5.28821704e+00 3.09062164e+00 1.97996665e+00 3.09062164e+00 1.87924051e+00
5.96173763e-01 -6.10896432e+00 -2.80338192e+00 -6.10896432e+00 -1.11303163e+01 -3.78359750e-01 -2.80338192e+00 -3.78359750e-01 -1.75217724e+00
8.85879803e+00 -5.45510900e+00 2.61097479e+00 -5.45510900e+00 -1.59725356e+01 -1.89240068e+00 2.61097479e+00 -1.89240068e+00 5.69716263e+00
-2.79985458e+00 2.87133968e+00 -8.36840737e+00 2.87133968e+00 -1.31002533e+01 -6.07413793e+00 -8.36840737e+00 -6.07413793e+00 -9.95651412e+00
1.94408851e+01 -1.33595854e-01 2.27703631e+00 -1.33595854e-01 3.00626607e+01 5.12971270e+00 2.27703631e+00 5.12971270e+00 4.32902193e+01
-1.83574829e+01 2.47957683e+00 -1.48011386e+00 2.47957683e+00 -1.43193808e+01 1.19534912e+01 -1.48011386e+00 1.19534912e+01 -6.24541817e+01
4.30575060e+00 2.30668553e+00 -2.33718165e+00 2.30668553e+00 1.35381180e+01 2.74324830e+00 -2.33718165e+00 2.74324830e+00 4.54222084e+00
-2.11998761e-01 -1.80769584e+00 2.16326793e+00 -1.80769584e+00 1.39538101e+01 -2.13929087e-01 2.16326793e+00 -2.13929087e-01 5.84341594e+00
-2.97433561e+00 3.69189610e+00 1.38890073e+00 3.69189610e+00 9.43637848e+00 -1.55480951e+00 1.38890073e+00 -1.55480951e+00 1.19894886e+00
-1.37262988e+00 -2.63102633e+00 -1.21844047e+00 -2.63102633e+00 6.21286213e+00 7.61191681e-01 -1.21844047e+00 7.61191681e-01 3.18060914e+00
6.27653790e+00 -2.46849561e+00 3.18934798e-01 -2.46849561e+00 -1.38861165e+01 -9.22259331e-01 3.18934798e-01 -9.22259331e-01 6.50735700e+00
3.12674773e+00 -1.59102678e-01 -2.59400427e+00 -1.59102678e-01 -1.26683750e+01 -4.89552036e-01 -2.59400427e+00 -4.89552036e-01 5.67873859e+00
-4.51992798e+01 1.95307910e+00 -2.84617209e+00 1.95307910e+00 -3.71038437e+01 2.99843222e-01 -2.84617209e+00 2.99843222e-01 -1.18750793e+02
-5.36360893e+01 -1.17063439e+00 -2.69028950e+00 -1.17063439e+00 -5.05846291e+01 5.45590782e+00 -2.69028950e+00 5.45590782e+00 -1.42410583e+02
-3.68064912e+00 -1.54889071e+00 2.04275866e+00 -1.54889071e+00 -2.45196692e+00 2.13364482e+00 2.04275866e+00 2.13364482e+00 -3.61024329e+01
-1.35715027e+01 -6.62770271e-01 2.80146658e+00 -6.62770271e-01 -1.23771398e+01 1.19982373e-01 2.80146658e+00 1.19982373e-01 -5.73921967e+01
3.76391559e+00 1.76893288e+00 -3.98021884e-01 1.76893288e+00 -7.10895598e-01 -1.12858820e+00 -3.98021884e-01 -1.12858820e+00 2.32075259e+00
8.06067840e+00 -2.81438828e-02 1.82764932e+00 -2.81438828e-02 1.14957511e+01 2.89266812e+00 1.82764932e+00 2.89266812e+00 5.40694205e+00
2.53991985e+00 8.85260478e-01 7.50239015e-01 8.85260478e-01 -6.84806633e+00 5.74252486e-01 7.50239015e-01 5.74252486e-01 -2.47115499e+00
-1.82642674e+00 -2.69269398e+00 1.45154378e+00 -2.69269398e+00 -8.93032444e+00 1.90740234e+00 1.45154378e+00 1.90740234e+00 -4.03326912e+01
8.01511645e-01 -5.43368682e-02 1.55039418e+00 -5.43368682e-02 -3.79458094e+00 -3.23267505e-02 1.55039418e+00 -3.23267505e-02 -3.28126831e+01
-1.15410042e+00 -2.88903117e-01 2.14102549e-01 -2.88903117e-01 -2.36903191e+00 2.45506757e+00 2.14102549e-01 2.45506757e+00 -3.45430183e+01
-6.20634699e+00 -2.23897624e+00 -7.64322039e-02 -2.23897624e+00 -8.16888359e+00 4.52634370e+00 -7.64322039e-02 4.52634370e+00 -4.36342297e+01
1.67346470e+01 4.57260066e+00 -3.01589757e+00 4.57260066e+00 1.75244057e+01 3.29926403e+00 -3.01589757e+00 3.29926403e+00 8.11606026e+00
5.29697990e+00 8.27353477e-01 -2.37978807e+00 8.27353477e-01 1.80007722e+01 2.23372792e+00 -2.37978807e+00 2.23372792e+00 -4.26033783e+00
-4.74524796e+00 -4.54105210e+00 -2.35871963e+00 -4.54105210e+00 1.48566480e+01 2.16277847e+00 -2.35871963e+00 2.16277847e+00 6.97220790e+00
-9.02568364e+00 6.33054495e-01 -1.50527203e+00 6.33054495e-01 3.00718784e+00 1.05692901e-01 -1.50527203e+00 1.05692901e-01 5.50269277e+00
-4.70572567e+00 2.70059490e+00 5.26918590e-01 2.70059490e+00 -1.66722763e+00 -1.99053347e-01 5.26918590e-01 -1.99053347e-01 3.17452788e-01
</DataArray>
<DataArray type="Float32" Name="Logarithmic_strain_components" NumberOfComponents="9" format="ascii">
3.61988507e-03 -1.74972568e-03 4.64472587e-04 -1.74972568e-03 3.28144993e-03 1.71895335e-03 4.64472587e-04 1.71895335e-03 -6.04708021e-03
4.28077171e-03 -2.08377789e-03 6.00813524e-04 -2.08377789e-03 4.38540998e-03 2.29887873e-03 6.00813524e-04 2.29887873e-03 -7.58144667e-03
5.26858773e-03 -5.04294861e-04 1.41228284e-03 -5.04294861e-04 6.49901258e-03 -7.34890855e-05 1.41228284e-03 -7.34890855e-05 -1.03903217e-02
3.17902424e-03 -1.40476145e-05 -1.07925650e-03 -1.40476145e-05 4.28280781e-03 -4.94763022e-04 -1.07925650e-03 -4.94763022e-04 -6.60334004e-03
3.35968417e-03 1.17779017e-03 2.93550035e-03 1.17779017e-03 3.98789273e-03 6.96079893e-04 2.93550035e-03 6.96079893e-04 -5.97687997e-03
5.44637106e-03 -2.14532528e-03 -2.46497388e-03 -2.14532528e-03 7.38359256e-03 4.16565235e-03 -2.46497388e-03 4.16565235e-03 -1.07761480e-02
1.05635067e-02 2.92996614e-03 3.47563130e-03 2.92996614e-03 8.89554410e-03 -4.95464378e-03 3.47563130e-03 -4.95464378e-03 -1.68054840e-02
5.31652820e-03 2.76116429e-03 6.02017166e-03 2.76116429e-03 6.16962538e-03 2.93831405e-03 6.02017166e-03 2.93831405e-03 -9.96821269e-03
5.22269029e-03 2.55617546e-04 -3.10355327e-03 2.55617546e-04 5.38549310e-03 3.79713572e-03 -3.10355327e-03 3.79713572e-03 -9.38419846e-03
9.74295801e-03 2.37370594e-04 3.15303623e-03 2.37370594e-04 1.03579527e-02 7.59082974e-03 3.15303623e-03 7.59082974e-03 -1.84792941e-02
1.08221429e-02 5.28471793e-03 -2.08604528e-02 5.28471793e-03 1.40631085e-02 6.49679080e-03 -2.08604528e-02 6.49679080e-03 -2.25506121e-02
1.70272049e-02 1.28004439e-02 -1.97070274e-02 1.28004439e-02 1.42581319e-02 -3.59836954e-03 -1.97070274e-02 -3.59836954e-03 -2.79158363e-02
4.71839894e-06 -3.22370724e-05 3.91430740e-06 -3.22370724e-05 -1.90795618e-06 -6.31138471e-06 3.91430740e-06 -6.31138471e-06 -7.14160512e-06
-3.90508478e-06 -2.49938048e-05 -1.59166193e-05 -2.49938048e-05 6.20753099e-06 -3.99052351e-06 -1.59166193e-05 -3.99052351e-06 -6.81129563e-06
6.97810970e-06 -8.98654753e-06 1.71067511e-05 -8.98654753e-06 1.04160495e-05 9.26488133e-06 1.71067511e-05 9.26488133e-06 -2.20646389e-05
5.25541168e-06 -1.61661292e-05 -1.19473009e-05 -1.61661292e-05 -7.57843327e-06 -1.30318167e-05 -1.19473009e-05 -1.30318167e-05 -2.34089180e-06
2.49904588e-06 1.07435708e-05 1.08473123e-05 1.07435708e-05 4.11852307e-06 1.51107397e-05 1.08473123e-05 1.51107397e-05 -3.28763713e-06
-4.85923465e-06 7.34041259e-06 1.14122622e-05 7.34041259e-06 -8.01439000e-06 -3.45640069e-06 1.14122622e-05 -3.45640069e-06 1.57905488e-05
2.39534802e-06 1.73985995e-06 -2.08297861e-05 1.73985995e-06 1.36296353e-06 -1.89723360e-05 -2.08297861e-05 -1.89723360e-05 -5.35567324e-09
-8.53863003e-06 5.24165944e-06 -1.08782547e-06 5.24165944e-06 -3.55015936e-06 9.93970389e-06 -1.08782547e-06 9.93970389e-06 1.39429412e-05
8.48456845e-03 1.51285781e-06 3.27571435e-03 1.51285781e-06 8.74236645e-03 -1.04685593e-03 3.27571435e-03 -1.04685593e-03 -1.48745067e-02
8.71362048e-03 -8.56762217e-05 2.78441649e-03 -8.56762217e-05 8.22156668e-03 1.47142680e-04 2.78441649e-03 1.47142680e-04 -1.46259037e-02
8.49140057e-03 -2.68307239e-03 3.70905263e-03 -2.68307239e-03 8.44761397e-03 9.38627953e-04 3.70905263e-03 9.38627953e-04 -1.45934202e-02
7.97290425e-03 5.56853065e-05 3.38959275e-03 5.56853065e-05 9.12760687e-03 -1.53651272e-03 3.38959275e-03 -1.53651272e-03 -1.47814318e-02
