<VTKFile type="UnstructuredGrid" version="0.1" byte_order="LittleEndian">
<UnstructuredGrid>
<Piece NumberOfPoints="191" NumberOfCells="79">
<Points>
<DataArray type="Float64" NumberOfComponents="3" format="ascii">
 1.03618097e+00  5.20758152e+00  1.89981294e+00
 2.06073999e+00  5.19786501e+00  1.91930628e+00
 2.06173921e+00  6.24961185e+00  1.88221884e+00
 1.03128958e+00  6.24359035e+00  1.87328064e+00
 1.02943623e+00  5.23943758e+00  2.84690690e+00
 2.06559491e+00  5.23659134e+00  2.85450292e+00
 2.05497313e+00  6.30315495e+00  2.80845070e+00
 1.03215814e+00  6.27474022e+00  2.81611252e+00
 3.10420179e+00  5.18315125e+00  1.93677568e+00
 3.11309743e+00  6.23966742e+00  1.88436162e+00
 3.10222363e+00  5.22851419e+00  2.83524418e+00
 3.14755678e+00  6.28418350e+00  2.76017570e+00
 5.10855293e+00  5.17533445e+00  2.00003314e+00
 6.10855198e+00  5.17758703e+00  2.00003052e+00
 6.10629702e+00  6.17759418e+00  1.99998379e+00
 5.10627079e+00  6.17534590e+00  1.99996662e+00
 5.10854387e+00  5.17539549e+00  3.00002146e+00
 6.10853577e+00  5.17765713e+00  3.00003791e+00
 6.10627508e+00  6.17764664e+00  2.99997330e+00
 5.10629177e+00  6.17538357e+00  2.99997735e+00
 0.00000000e+00  0.00000000e+00  2.76568532e+00
 1.04436302e+00  0.00000000e+00  2.76372194e+00
 1.04666305e+00  1.04845285e+00  2.76959276e+00
 0.00000000e+00  1.04672503e+00  2.77448511e+00
 0.00000000e+00  0.00000000e+00  3.68567586e+00
 1.06006455e+00  0.00000000e+00  3.68607235e+00
 1.06161761e+00  1.04820418e+00  3.68811846e+00
 0.00000000e+00  1.04516339e+00  3.69567776e+00
 2.09826827e+00  0.00000000e+00  2.75063324e+00
 2.08754444e+00  1.04097080e+00  2.75925398e+00
 2.11636233e+00  0.00000000e+00  3.67697310e+00
 2.11896682e+00  1.05073774e+00  3.67658782e+00
 3.14628053e+00  0.00000000e+00  2.73619151e+00
 3.14722729e+00  1.03632677e+00  2.73953605e+00
 3.17330146e+00  0.00000000e+00  3.66161203e+00
 3.16768932e+00  1.04451168e+00  3.66273355e+00
 4.20408106e+00  0.00000000e+00  2.72322083e+00
 4.20673370e+00  1.03799868e+00  2.71869040e+00
 4.22303009e+00  0.00000000e+00  3.65002894e+00
 4.22050333e+00  1.03690374e+00  3.64359236e+00
 5.26444912e+00  0.00000000e+00  2.70719719e+00
 5.26528311e+00  1.04068124e+00  2.70968819e+00
 5.27079344e+00  0.00000000e+00  3.64178348e+00
 5.27025318e+00  1.03555298e+00  3.63039184e+00
 6.31998539e+00  0.00000000e+00  2.70142436e+00
 6.32001114e+00  1.04075432e+00  2.70376563e+00
 6.30908108e+00  0.00000000e+00  3.63867283e+00
 6.32177114e+00  1.03520679e+00  3.63031745e+00
 1.03250206e+00  2.09131432e+00  2.78954411e+00
 0.00000000e+00  2.10419559e+00  2.79264331e+00
 1.06133592e+00  2.09771371e+00  3.71032286e+00
 0.00000000e+00  2.09782338e+00  3.71207833e+00
 2.08633232e+00  2.09247756e+00  2.76843929e+00
 2.12725949e+00  2.10344434e+00  3.68382406e+00
 3.13781381e+00  2.09870863e+00  2.72893763e+00
 3.17606831e+00  2.09739542e+00  3.63139462e+00
 4.20323324e+00  2.10941410e+00  2.71918058e+00
 4.21190834e+00  2.08492970e+00  3.61490536e+00
 5.26202202e+00  2.10232067e+00  2.72053456e+00
 5.26669884e+00  2.09536338e+00  3.61631632e+00
 6.31252956e+00  2.10710287e+00  2.71555448e+00
 6.31538630e+00  2.09700012e+00  3.61545062e+00
 1.02805912e+00  3.15690804e+00  2.82978725e+00
 0.00000000e+00  3.15387011e+00  2.82583857e+00
 1.05755520e+00  3.15451002e+00  3.74228477e+00
 0.00000000e+00  3.15298438e+00  3.75284719e+00
 2.07736444e+00  3.13763833e+00  2.80036855e+00
 2.14273858e+00  3.15917826e+00  3.67370796e+00
 3.06199670e+00  3.11810517e+00  2.52816463e+00
 3.20238471e+00  3.14082122e+00  3.57023025e+00
 1.02812815e+00  4.19360828e+00  2.85775590e+00
 0.00000000e+00  4.20081234e+00  2.85220194e+00
 1.04544640e+00  4.21319675e+00  3.79999447e+00
 0.00000000e+00  4.21925497e+00  3.78231144e+00
 0.00000000e+00  5.23371983e+00  2.84344554e+00
 1.04139268e+00  5.27780533e+00  3.78307676e+00
 0.00000000e+00  5.26057386e+00  3.77109241e+00
 2.06788969e+00  4.19423342e+00  2.88869023e+00
 2.10427022e+00  4.22473860e+00  3.77546263e+00
 2.10076785e+00  5.26050997e+00  3.78429675e+00
 0.00000000e+00  6.27787638e+00  2.80554891e+00
 1.05858707e+00  6.32844353e+00  3.71910906e+00
 0.00000000e+00  6.34265804e+00  3.73569679e+00
 2.10096550e+00  6.34753227e+00  3.71921754e+00
 3.13505816e+00  5.24051476e+00  3.66665673e+00
 3.21136785e+00  6.27587032e+00  3.67099285e+00
 0.00000000e+00  0.00000000e+00  4.59770155e+00
 1.07485318e+00  0.00000000e+00  4.59494781e+00
 1.07836497e+00  1.04985106e+00  4.59825373e+00
 0.00000000e+00  1.04634082e+00  4.60093403e+00
 2.13701224e+00  0.00000000e+00  4.59061241e+00
 2.14625192e+00  1.05801690e+00  4.58957243e+00
 3.18932176e+00  0.00000000e+00  4.58314085e+00
 3.19515133e+00  1.06030667e+00  4.58165550e+00
 4.23647928e+00  0.00000000e+00  4.57493544e+00
 4.23125124e+00  1.05445886e+00  4.57399225e+00
 5.27458286e+00  0.00000000e+00  4.57122469e+00
 5.26883268e+00  1.04868400e+00  4.56681252e+00
 6.30538321e+00  0.00000000e+00  4.56930447e+00
 6.30679703e+00  1.05269802e+00  4.56917334e+00
 1.09013522e+00  2.10652256e+00  4.60481167e+00
 0.00000000e+00  2.09688091e+00  4.61256599e+00
 2.16348410e+00  2.11744690e+00  4.58823347e+00
 3.21075821e+00  2.11754417e+00  4.56329918e+00
 4.23791885e+00  2.10518956e+00  4.54304457e+00
 5.25736380e+00  2.09020829e+00  4.53145885e+00
 6.28138971e+00  2.09519649e+00  4.53163767e+00
 1.09207690e+00  3.14734745e+00  4.64093018e+00
 0.00000000e+00  3.16470456e+00  4.65653658e+00
 2.18340230e+00  3.15320897e+00  4.58131886e+00
 3.24366260e+00  3.14604378e+00  4.51792574e+00
 4.22832680e+00  3.06457472e+00  3.45826483e+00
 4.25867558e+00  3.13026190e+00  4.49885654e+00
 1.09716535e+00  4.20795012e+00  4.71212912e+00
 0.00000000e+00  4.19523001e+00  4.67515135e+00
 2.19568968e+00  4.19390297e+00  4.61504841e+00
 1.08039927e+00  5.30877161e+00  4.64939642e+00
 0.00000000e+00  5.31555223e+00  4.64983463e+00
 1.09694409e+00  6.40533686e+00  4.61818695e+00
 0.00000000e+00  6.40057755e+00  4.63064098e+00
 2.14728212e+00  5.28312063e+00  4.65187836e+00
 2.22194624e+00  6.35302973e+00  4.62495327e+00
 3.22521520e+00  5.20476437e+00  4.54286003e+00
 3.31752872e+00  6.23123503e+00  4.57013321e+00
 4.06151485e+00  5.17887592e+00  3.39082360e+00
 4.19299126e+00  6.17544603e+00  3.46817970e+00
 4.29007626e+00  5.13037443e+00  4.49753714e+00
 4.30723953e+00  6.13171291e+00  4.49789238e+00
 5.29043198e+00  5.11473465e+00  3.49767470e+00
 6.29029179e+00  5.09888315e+00  3.49765873e+00
 6.30614805e+00  6.09876299e+00  3.49769926e+00
 5.30623627e+00  6.11464834e+00  3.49776602e+00
 5.29039574e+00  5.11471462e+00  4.49767303e+00
 6.29034424e+00  5.09884882e+00  4.49767971e+00
 6.30614710e+00  6.09873533e+00  4.49769163e+00
 5.30636311e+00  6.11449480e+00  4.49776077e+00
 0.00000000e+00  0.00000000e+00  5.49770641e+00
 1.07960355e+00  0.00000000e+00  5.49770641e+00
 1.08623016e+00  1.05384099e+00  5.49770641e+00
 0.00000000e+00  1.04815960e+00  5.49770641e+00
 2.14749169e+00  0.00000000e+00  5.49770641e+00
 2.15375996e+00  1.06279838e+00  5.49770641e+00
 3.19627428e+00  0.00000000e+00  5.49770641e+00
 3.20600653e+00  1.06737542e+00  5.49770641e+00
 4.23878574e+00  0.00000000e+00  5.49770641e+00
 4.24011850e+00  1.06679499e+00  5.49770641e+00
 5.27446175e+00  0.00000000e+00  5.49770641e+00
 5.27032948e+00  1.06192589e+00  5.49770641e+00
 6.31150627e+00  0.00000000e+00  5.49770641e+00
 6.29123878e+00  1.07014608e+00  5.49770641e+00
 1.10460508e+00  2.09727430e+00  5.49770641e+00
 0.00000000e+00  2.09214997e+00  5.49770641e+00
 2.18355799e+00  2.11826420e+00  5.49770641e+00
 3.22387409e+00  2.12746501e+00  5.49770641e+00
 4.24826956e+00  2.11811829e+00  5.49770641e+00
 5.25523853e+00  2.10463595e+00  5.49770641e+00
 6.27038002e+00  2.10411239e+00  5.49770641e+00
 1.11366498e+00  3.18569779e+00  5.49770641e+00
 0.00000000e+00  3.19178987e+00  5.49770641e+00
 2.21350145e+00  3.16264248e+00  5.49770641e+00
 3.25762415e+00  3.15454483e+00  5.49770641e+00
 4.25934124e+00  3.13108969e+00  5.49770641e+00
 5.25911331e+00  3.11400747e+00  4.49702883e+00
 5.25963688e+00  3.11473894e+00  5.49770641e+00
 6.26105881e+00  3.10091329e+00  4.49645090e+00
 6.26126957e+00  3.10262275e+00  5.49770641e+00
 3.27493334e+00  4.14749241e+00  4.48378563e+00
 3.28235173e+00  4.15731239e+00  5.49770641e+00
 2.27222157e+00  4.18565273e+00  5.49770641e+00
 4.27484846e+00  4.13008022e+00  4.49795532e+00
 4.27500629e+00  4.13030481e+00  5.49770641e+00
 5.27464294e+00  4.11488962e+00  4.49764967e+00
 5.27473021e+00  4.11479092e+00  5.49770641e+00
 6.27440596e+00  4.09924030e+00  4.49773979e+00
 6.27431440e+00  4.09909105e+00  5.49770641e+00
 0.00000000e+00  4.16803503e+00  5.49770641e+00
 1.12668777e+00  4.19364738e+00  5.49770641e+00
 1.11053658e+00  5.33489418e+00  5.49770641e+00
 0.00000000e+00  5.35313225e+00  5.49770641e+00
 5.29034376e+00  5.11470938e+00  5.49770641e+00
 4.29048681e+00  5.13044405e+00  5.49770641e+00
 6.29037809e+00  5.09887171e+00  5.49770641e+00
 1.11855841e+00  6.42465162e+00  5.49770641e+00
 0.00000000e+00  6.41783619e+00  5.49770641e+00
 2.18481016e+00  5.28923416e+00  5.49770641e+00
 2.26702595e+00  6.34910679e+00  5.49770641e+00
 3.24206281e+00  5.18581676e+00  5.49770641e+00
 3.33622861e+00  6.21738338e+00  5.49770641e+00
 4.30762625e+00  6.13091850e+00  5.49770641e+00
 5.30638027e+00  6.11443377e+00  5.49770641e+00
 6.30614233e+00  6.09873295e+00  5.49770641e+00
</DataArray>
</Points>
<PointData Tensors="Stress_Components,Plastic_strain_components" Vevtors="Spatial_displacement,Reaction_force" Scalars="Equivalent_plastic_strain,Stress_Mises,Stress_Max_Principal,Stress_Mid_Principal,Stress_Min_Principal,Stress_Pressure,Stress_Tresca,Stress_Third_Invariant,Plastic_strain_Max_Principal,Plastic_strain_Min_Principal">
<DataArray type="Float32" Name="Stress_Components" NumberOfComponents="9" format="ascii">
1.56772049e+01 -9.00402702e-02 2.62780766e-01 -9.00402702e-02 1.28913555e+01 1.32393301e-01 2.62780766e-01 1.32393301e-01 1.13777718e+00
3.44415873e+00 -2.72799611e+00 8.53864013e-01 -2.72799611e+00 2.88561749e+00 2.39877184e+00 8.53864013e-01 2.39877184e+00 -2.09262415e+01
-8.80748606e+00 -1.44384481e-01 1.27038545e+00 -1.44384481e-01 -2.58787012e+00 -2.43282546e+00 1.27038545e+00 -2.43282546e+00 -4.17862320e+01
-1.69598165e+00 -7.62192406e-01 -1.42816152e-01 -7.62192406e-01 -1.75098810e+00 -7.64826033e-02 -1.42816152e-01 -7.64826033e-02 -3.38264942e+01
1.62617748e+01 8.58306400e-02 1.00524846e+00 8.58306400e-02 1.71043441e+01 -3.31561331e-01 1.00524846e+00 -3.31561331e-01 6.06119753e+00
2.14580694e+01 -2.10965885e+00 2.93047953e+00 -2.10965885e+00 2.40752130e+01 7.44420388e-01 2.93047953e+00 7.44420388e-01 1.56132908e+01
-1.41671782e+01 -2.26343527e-01 5.21283403e-01 -2.26343527e-01 -1.59667480e+00 -7.32406229e-03 5.21283403e-01 -7.32406229e-03 -4.51115279e+01
1.07774867e+01 -7.39530213e-02 4.21687663e-01 -7.39530213e-02 9.82137772e+00 8.00051741e-01 4.21687663e-01 8.00051741e-01 -7.99205208e+00
-1.91737876e+01 -1.56597057e+00 -4.74554386e-01 -1.56597057e+00 -1.76133963e+01 5.98170993e+00 -4.74554386e-01 5.98170993e+00 -7.15181899e+01
-8.39002686e+01 -3.27918303e+00 -5.57902813e+00 -3.27918303e+00 -7.86850452e+01 4.83772254e+00 -5.57902813e+00 4.83772254e+00 -2.06020508e+02
-7.06713092e+01 8.10325607e+00 -2.64366446e+01 8.10325607e+00 -7.42199175e+01 -2.77479817e+00 -2.64366446e+01 -2.77479817e+00 -1.69176376e+02
-5.04813389e+01 3.86090755e-01 -5.43404841e+00 3.86090755e-01 -7.34175119e+01 -1.22719359e+00 -5.43404841e+00 -1.22719359e+00 -1.62001842e+02
-2.34749243e-01 -6.09802872e-01 -2.57995404e-01 -6.09802872e-01 2.81954166e-01 2.52413839e-01 -2.57995404e-01 2.52413839e-01 -4.31328446e-01
-4.23631363e-01 -4.80451994e-02 -9.94186848e-02 -4.80451994e-02 -9.21260417e-02 -2.44933277e-01 -9.94186848e-02 -2.44933277e-01 1.31692067e-01
6.86964169e-01 -1.40590966e-01 -1.00220371e-01 -1.40590966e-01 -1.05140463e-01 5.86770210e-01 -1.00220371e-01 5.86770210e-01 -9.65894312e-01
4.00529429e-01 -7.02544719e-01 -4.16406989e-03 -7.02544719e-01 -2.06376851e-01 -5.21369696e-01 -4.16406989e-03 -5.21369696e-01 -5.78368917e-01
2.34107003e-01 2.04351664e-01 3.67069721e-01 2.04351664e-01 7.22784549e-02 1.62905186e-01 3.67069721e-01 1.62905186e-01 -4.24424820e-02
-5.91113716e-02 2.44160853e-02 1.17707677e-01 2.44160853e-02 -1.64863884e-01 1.39988037e-02 1.17707677e-01 1.39988037e-02 4.88025844e-01
-4.97164577e-02 5.24135977e-02 -2.52054125e-01 5.24135977e-02 2.04379350e-01 -5.44055521e-01 -2.52054125e-01 -5.44055521e-01 1.09319851e-01
-3.23144585e-01 2.32372552e-01 -1.24917753e-01 2.32372552e-01 -1.25156209e-01 3.46336335e-01 -1.24917753e-01 3.46336335e-01 7.12165892e-01
7.99913168e-01 3.41559723e-02 2.53531672e-01 3.41559723e-02 1.54927540e+00 -4.60153036e-02 2.53531672e-01 -4.60153036e-02 -2.74869819e+01
1.42693572e+00 4.49463740e-01 1.12308258e-01 4.49463740e-01 1.39465830e+00 3.18106353e-01 1.12308258e-01 3.18106353e-01 -2.69146308e+01
5.56268726e+00 -2.94391737e-01 1.79234399e-01 -2.94391737e-01 6.17291228e+00 4.74629646e-01 1.79234399e-01 4.74629646e-01 -1.72602034e+01
1.25446371e+00 1.96954396e-01 2.79271673e-01 1.96954396e-01 2.72013462e+00 -2.40098312e-01 2.79271673e-01 -2.40098312e-01 -2.56764922e+01
6.21945000e+00 -2.90454999e-02 6.59284443e-01 -2.90454999e-02 4.97851276e+00 2.01285355e-01 6.59284443e-01 2.01285355e-01 -1.78653059e+01
4.25386965e-01 2.21821819e-01 -1.40794883e-01 2.21821819e-01 -1.61457300e-01 1.12203445e+00 -1.40794883e-01 1.12203445e+00 -2.96240413e+01
3.88413033e+00 3.72464262e-01 3.83575534e-01 3.72464262e-01 3.16526829e+00 4.47534688e-01 3.83575534e-01 4.47534688e-01 -2.23520722e+01
9.86332551e-01 3.83164458e-01 7.17856467e-01 3.83164458e-01 -6.31721735e-01 -6.74977306e-01 7.17856467e-01 -6.74977306e-01 -2.95358367e+01
6.33904910e+00 -8.44800383e-01 1.81231245e-01 -8.44800383e-01 5.44949198e+00 -7.15556927e-03 1.81231245e-01 -7.15556927e-03 -1.72229634e+01
5.99060209e+00 -5.73637644e-01 8.81822320e-01 -5.73637644e-01 5.86371024e+00 9.17677640e-01 8.81822320e-01 9.17677640e-01 -1.69265139e+01
4.31047082e-01 1.15101859e-01 1.78934252e-02 1.15101859e-01 3.71802390e-01 4.10145905e-01 1.78934252e-02 4.10145905e-01 -2.91794620e+01
-1.38952112e+00 8.08218005e-02 1.11670517e+00 8.08218005e-02 -1.61083370e-01 1.87026228e+00 1.11670517e+00 1.87026228e+00 -3.13909047e+01
6.86962056e+00 1.27842722e-01 2.57849766e-01 1.27842722e-01 5.67280269e+00 6.05328187e-01 2.57849766e-01 6.05328187e-01 -1.63335423e+01
1.09583835e+01 -8.46783724e-02 7.41682146e-02 -8.46783724e-02 9.33286592e+00 -9.62944643e-03 7.41682146e-02 -9.62944643e-03 -8.02847040e+00
3.41822556e+00 -7.11468607e-01 3.14245515e-01 -7.11468607e-01 2.32663926e+00 9.12166569e-01 3.14245515e-01 9.12166569e-01 -2.36994393e+01
3.04872566e+00 -6.69561397e-01 4.74799080e-01 -6.69561397e-01 3.01492611e+00 7.62815270e-01 4.74799080e-01 7.62815270e-01 -2.33138057e+01
9.24616039e+00 1.49344159e-01 -1.03266057e-01 1.49344159e-01 7.12441333e+00 4.19706924e-01 -1.03266057e-01 4.19706924e-01 -1.21535165e+01
4.73502654e+00 8.06633469e-02 -4.82790241e-01 8.06633469e-02 2.51343989e+00 7.68008512e-02 -4.82790241e-01 7.68008512e-02 -2.20558573e+01
6.58683276e+00 -3.34585492e-01 -2.74757683e-01 -3.34585492e-01 4.71848738e+00 5.77783786e-01 -2.74757683e-01 5.77783786e-01 -1.77202804e+01
1.45460342e+01 -4.46940495e-01 3.05126948e-01 -4.46940495e-01 1.32319135e+01 -2.56915211e-01 3.05126948e-01 -2.56915211e-01 9.52029228e-03
1.24621533e+01 -1.71422295e-01 1.28702265e-02 -1.71422295e-01 1.06931099e+01 -2.94001289e-02 1.28702265e-02 -2.94001289e-02 -4.85668415e+00
8.99122542e+00 1.48551967e-02 -3.25982159e-01 1.48551967e-02 6.45381880e+00 5.51162213e-02 -3.25982159e-01 5.51162213e-02 -1.31849532e+01
1.54279528e+01 -1.02037853e-01 -1.74362139e-01 -1.02037853e-01 1.53663411e+01 -3.41732318e-01 -1.74362139e-01 -3.41732318e-01 3.27414417e+00
7.65115176e+00 -2.11960035e-01 -2.43125773e-01 -2.11960035e-01 6.19679394e+00 -3.73089027e-01 -2.43125773e-01 -3.73089027e-01 -1.49555220e+01
1.45806975e+01 -1.25219788e-01 -5.32125644e-02 -1.25219788e-01 1.37223258e+01 -3.37135613e-01 -5.32125644e-02 -3.37135613e-01 7.54281521e-01
1.72968082e+01 1.58550490e-01 -4.60026791e-01 1.58550490e-01 1.53146885e+01 1.48656592e-03 -4.60026791e-01 1.48656592e-03 5.26909447e+00
1.91015279e+01 4.97737743e-01 2.15517916e-02 4.97737743e-01 1.97590077e+01 -7.36816756e-01 2.15517916e-02 -7.36816756e-01 1.21043100e+01
1.22323425e+01 5.39627805e-01 3.07080964e-01 5.39627805e-01 1.09598435e+01 -9.32574747e-01 3.07080964e-01 -9.32574747e-01 -4.72239804e+00
2.59674561e+00 -8.61295614e-01 1.51459430e+00 -8.61295614e-01 5.10885173e+00 7.15032406e-02 1.51459430e+00 7.15032406e-02 -2.10497610e+01
3.00264001e+00 -1.11370795e+00 1.09647523e+00 -1.11370795e+00 6.57294744e+00 -2.83469490e-01 1.09647523e+00 -2.83469490e-01 -1.92433699e+01
-5.01860940e+00 4.44961250e-01 2.58268772e+00 4.44961250e-01 -6.36217749e+00 2.11570174e+00 2.58268772e+00 2.11570174e+00 -4.17081378e+01
9.07541752e-01 -1.01125968e-01 6.26669992e-01 -1.01125968e-01 1.09967113e+00 -8.60442910e-02 6.26669992e-01 -8.60442910e-02 -2.78791242e+01
1.48732490e+01 2.44918615e+00 3.98931912e+00 2.44918615e+00 1.32816168e+01 3.24297617e+00 3.98931912e+00 3.24297617e+00 -5.70699787e+00
-5.95690566e+00 9.38794002e-01 1.03527948e-01 9.38794002e-01 -5.77329990e+00 2.23236293e-01 1.03527948e-01 2.23236293e-01 -4.13756846e+01
-7.58256241e+01 -6.02137222e+00 -1.63081070e+01 -6.02137222e+00 -7.64856331e+01 -2.01179442e+00 -1.63081070e+01 -2.01179442e+00 -1.77022006e+02
1.18456253e+01 1.36732102e+00 1.42303194e-01 1.36732102e+00 1.55674347e+01 1.40150122e+00 1.42303194e-01 1.40150122e+00 -4.65608856e+00
-4.95546432e+01 -1.19960249e+00 -4.13828808e+00 -1.19960249e+00 -4.50509357e+01 1.34806912e+00 -4.13828808e+00 1.34806912e+00 -1.31814180e+02
-3.50344682e+01 -1.71786063e+00 -1.66822555e+01 -1.71786063e+00 -4.33991476e+01 -8.40363210e-01 -1.66822555e+01 -8.40363210e-01 -9.47650898e+01
-3.27524080e+01 -1.45513041e+00 -1.01203941e-01 -1.45513041e+00 -2.87729940e+01 1.63328221e+00 -1.01203941e-01 1.63328221e+00 -9.63639145e+01
-4.38917341e+01 -2.63635723e-01 -4.44331998e+00 -2.63635723e-01 -3.84821444e+01 -1.58752588e+00 -4.44331998e+00 -1.58752588e+00 -1.18540102e+02
-2.57927294e+01 -2.15192199e+00 -7.26743996e-01 -2.15192199e+00 -1.75687294e+01 3.03708345e-01 -7.26743996e-01 3.03708345e-01 -7.62042465e+01
-4.38496981e+01 -3.91673267e+00 -5.03344965e+00 -3.91673267e+00 -3.32176208e+01 -3.78118978e+00 -5.03344965e+00 -3.78118978e+00 -1.10993889e+02
1.53256440e+00 4.46959734e-02 3.09830160e+00 4.46959734e-02 4.52096650e+00 6.65397280e-01 3.09830160e+00 6.65397280e-01 -2.25095249e+01
1.23566508e+01 1.56001765e-01 1.23157153e+00 1.56001765e-01 1.37241313e+01 -3.71760737e-01 1.23157153e+00 -3.71760737e-01 -1.60136437e+00
-8.89089591e+00 -4.01756265e-01 3.88990665e+00 -4.01756265e-01 -9.36700330e+00 1.62964925e+00 3.88990665e+00 1.62964925e+00 -4.86047790e+01
5.27649218e+00 6.50149658e-02 1.64827746e+00 6.50149658e-02 6.84663591e+00 4.23667226e-02 1.64827746e+00 4.23667226e-02 -1.68029659e+01
-1.04012827e+02 -1.14161361e+01 9.93499076e+00 -1.14161361e+01 -9.46475811e+01 -1.51080063e+01 9.93499076e+00 -1.51080063e+01 -2.19780247e+02
-2.07950668e+01 2.50845203e+00 2.25332245e+00 2.50845203e+00 -2.77802351e+01 -2.98845572e+00 2.25332245e+00 -2.98845572e+00 -8.32967641e+01
9.98915253e+01 8.51971722e+00 1.20457182e+01 8.51971722e+00 9.65739288e+01 1.65829277e+01 1.20457182e+01 1.65829277e+01 1.59435730e+02
6.15524165e+00 -4.77580448e+00 -8.29378192e+00 -4.77580448e+00 4.34668795e+00 -5.94834598e+00 -8.29378192e+00 -5.94834598e+00 -6.61217690e+00
2.27899415e+01 -8.13707092e-02 -2.16552035e+00 -8.13707092e-02 2.31168741e+01 3.26263538e-01 -2.16552035e+00 3.26263538e-01 1.88997878e+01
1.30248202e+01 -4.03272774e-01 1.35807725e+00 -4.03272774e-01 1.36090486e+01 7.00032227e-01 1.35807725e+00 7.00032227e-01 -7.44138241e-01
2.11214299e+01 -5.95290738e-01 -9.76709177e-02 -5.95290738e-01 2.31569128e+01 1.20587061e+00 -9.76709177e-02 1.20587061e+00 1.87928764e+01
8.64182949e+00 -8.69784903e-01 2.34269312e+00 -8.69784903e-01 9.37069082e+00 1.58409708e+00 2.34269312e+00 1.58409708e+00 -9.85808325e+00
1.42563920e+01 -1.06057851e-02 1.04145028e-01 -1.06057851e-02 1.44728039e+01 2.65673749e-01 1.04145028e-01 2.65673749e-01 1.13471818e+00
1.87564700e+01 4.93277388e-01 9.04498747e-01 4.93277388e-01 1.96336895e+01 4.90284162e-01 9.04498747e-01 4.90284162e-01 1.18126169e+01
3.27875638e+00 1.85286324e+00 1.67177677e-01 1.85286324e+00 5.89425325e+00 1.19496835e+00 1.67177677e-01 1.19496835e+00 -1.98059936e+01
-5.26894197e+01 1.49375697e+00 6.07585771e+00 1.49375697e+00 -4.91533551e+01 1.80063545e+01 6.07585771e+00 1.80063545e+01 -1.22394456e+02
-1.00266258e+02 -3.50926861e+00 1.36393003e+01 -3.50926861e+00 -9.84159241e+01 1.09556522e+01 1.36393003e+01 1.09556522e+01 -2.41357628e+02
-5.48688976e+00 -3.09451087e+00 -2.90493159e+00 -3.09451087e+00 5.13650513e-01 4.80712900e+00 -2.90493159e+00 4.80712900e+00 -3.37302025e+01
2.34406090e+00 -4.33039650e-01 -2.98052996e-01 -4.33039650e-01 4.59044838e+00 8.37436289e-01 -2.98052996e-01 8.37436289e-01 -2.25029488e+01
2.84200191e+00 1.25048070e+00 -1.28211705e+00 1.25048070e+00 1.22253180e+00 9.06704754e-01 -1.28211705e+00 9.06704754e-01 -2.56369600e+01
3.94790840e+00 -1.83657837e+00 2.50068563e+00 -1.83657837e+00 7.89539909e+00 -1.29411596e+00 2.50068563e+00 -1.29411596e+00 -1.68365860e+01
-2.17462115e+01 -3.49440541e+00 -4.17600745e+00 -3.49440541e+00 -1.64310865e+01 4.07220596e+00 -4.17600745e+00 4.07220596e+00 -6.69683304e+01
-8.65973269e+01 1.09948848e+01 -2.90281375e-02 1.09948848e+01 -5.19022573e+01 -3.78410437e+01 -2.90281375e-02 -3.78410437e+01 -1.26056674e+02
-4.21187107e+00 -3.64145112e+00 -9.93066976e-01 -3.64145112e+00 -8.93011761e+00 -4.67591699e+00 -9.93066976e-01 -4.67591699e+00 -3.83046010e+01
4.74976042e+00 -3.37168472e-02 2.28460893e-01 -3.37168472e-02 1.92148185e+00 -4.93374895e-02 2.28460893e-01 -4.93374895e-02 -2.26347413e+01
5.11537075e-01 1.44850541e-01 -1.26038070e-02 1.44850541e-01 -1.06859267e+00 7.42462900e-01 -1.26038070e-02 7.42462900e-01 -3.05078239e+01
6.59068594e-01 7.50021549e-01 3.00629405e-01 7.50021549e-01 -1.38292125e+00 4.07190828e-01 3.00629405e-01 4.07190828e-01 -3.06629308e+01
2.63375342e-01 2.88837953e-01 4.54273015e-01 2.88837953e-01 -3.20426971e+00 -3.06924053e-01 4.54273015e-01 -3.06924053e-01 -3.29773517e+01
-5.15339059e+00 8.54957223e-01 -1.78671364e-01 8.54957223e-01 -3.67178851e+00 8.47372673e-01 -1.78671364e-01 8.47372673e-01 -3.94465642e+01
-6.17005551e+00 1.34342355e+00 5.13217858e-01 1.34342355e+00 -4.71026966e+00 1.49804710e+00 5.13217858e-01 1.49804710e+00 -4.14379145e+01
-6.42594129e+00 3.61447148e-01 5.18755697e-01 3.61447148e-01 -4.63823223e+00 4.16964862e-01 5.18755697e-01 4.16964862e-01 -4.19774251e+01
-1.23596313e+01 5.82768044e-01 6.37001099e-01 5.82768044e-01 -6.52672338e+00 1.78336116e+00 6.37001099e-01 1.78336116e+00 -4.97296173e+01
-4.31237006e+00 -1.20943537e+00 3.67516950e-01 -1.20943537e+00 -2.29288602e+00 5.44497464e-01 3.67516950e-01 5.44497464e-01 -3.70348434e+01
-2.40613797e+00 -7.05452807e-01 -2.80142318e-01 -7.05452807e-01 1.24414048e+00 -9.19952365e-02 -2.80142318e-01 -9.19952365e-02 -3.09989302e+01
3.65002951e+00 -5.86421542e-01 -9.58453380e-02 -5.86421542e-01 6.15933454e+00 -5.77440411e-01 -9.58453380e-02 -5.77440411e-01 -1.92489188e+01
7.29850775e+00 -1.16906254e+00 -3.31782706e-01 -1.16906254e+00 8.33827114e+00 -1.23582899e-01 -3.31782706e-01 -1.23582899e-01 -1.30258900e+01
9.62195396e-02 4.12275523e-01 7.09365368e-01 4.12275523e-01 4.82444334e+00 -1.33242741e+00 7.09365368e-01 -1.33242741e+00 -2.41738241e+01
-3.34099901e+00 -1.21255821e+00 -4.53225672e-02 -1.21255821e+00 2.03811169e-01 -2.16042206e+00 -4.53225672e-02 -2.16042206e+00 -3.26833420e+01
-6.63984627e+00 1.45032834e+00 1.06628645e+00 1.45032834e+00 -1.07445328e+01 1.79525510e+00 1.06628645e+00 1.79525510e+00 -4.83120172e+01
-1.10133743e+00 8.31448451e-01 3.91050465e-01 8.31448451e-01 -4.99909067e+00 -1.44541534e-01 3.91050465e-01 -1.44541534e-01 -3.63690033e+01
-7.20893085e+00 2.69176101e+00 4.20777742e-01 2.69176101e+00 -7.62935221e+00 9.20644274e-01 4.20777742e-01 9.20644274e-01 -4.56188605e+01
6.45041001e+00 1.76940847e+00 -5.00184361e+00 1.76940847e+00 8.11087787e+00 -5.42280348e-01 -5.00184361e+00 -5.42280348e-01 -1.14504887e+01
1.13302266e+01 -8.96211873e-02 -2.64615127e+00 -8.96211873e-02 1.62665281e+01 -1.47961223e-01 -2.64615127e+00 -1.47961223e-01 -1.14027330e+00
-6.73511918e+00 -2.18981588e+00 -6.91746259e+00 -2.18981588e+00 -1.18517741e+00 -1.85340249e+00 -6.91746259e+00 -1.85340249e+00 -3.56849206e+01
-2.85846583e+00 -5.02747150e+00 -8.60664697e+00 -5.02747150e+00 -6.89636866e+00 -2.46472907e+00 -8.60664697e+00 -2.46472907e+00 -3.58694089e+01
-2.21851588e+01 1.97108865e-01 4.71752342e+00 1.97108865e-01 -3.13059584e+01 -1.13843943e-01 4.71752342e+00 -1.13843943e-01 -8.62494221e+01
-2.88025203e+01 -1.62043136e+00 4.45475765e+00 -1.62043136e+00 -3.35834354e+01 -3.93839116e-01 4.45475765e+00 -3.93839116e-01 -9.68671506e+01
1.21252136e+01 2.12714696e+00 -3.68049279e-01 2.12714696e+00 6.91991107e+00 -4.09418231e+00 -3.68049279e-01 -4.09418231e+00 -7.95098384e+00
3.41926505e+01 2.01483958e+00 -2.59553801e+00 2.01483958e+00 3.15887400e+01 9.18683012e-02 -2.59553801e+00 9.18683012e-02 3.99880492e+01
6.96997604e+01 2.23760033e+00 2.10319633e+01 2.23760033e+00 8.06469727e+01 3.74241948e+00 2.10319633e+01 3.74241948e+00 1.10437965e+02
1.95034775e+01 -2.22828847e+00 -1.21995695e+00 -2.22828847e+00 1.44834136e+01 -3.35813892e+00 -1.21995695e+00 -3.35813892e+00 1.39187938e+01
-2.27792617e+01 -4.88533176e-01 2.79880583e-01 -4.88533176e-01 -2.08997980e+01 5.94767694e+00 2.79880583e-01 5.94767694e+00 -7.45583553e+01
-5.74270566e-01 1.25050652e-01 -1.73640583e+00 1.25050652e-01 -2.40471204e+00 3.19205902e+00 -1.73640583e+00 3.19205902e+00 -3.29939715e+01
-9.85198250e+01 -1.12715826e+01 1.04920263e+01 -1.12715826e+01 -1.46879436e+02 -1.32687807e+01 1.04920263e+01 -1.32687807e+01 -2.82848045e+02
-3.05398970e+01 3.34143010e-01 -1.73133614e+00 3.34143010e-01 -2.59576674e+01 4.90693454e+00 -1.73133614e+00 4.90693454e+00 -9.01709576e+01
-1.25959409e+01 -4.57314014e-01 3.68117738e+00 -4.57314014e-01 -9.68591368e+00 -2.54879966e-02 3.68117738e+00 -2.54879966e-02 -5.39476995e+01
1.51708341e+01 -2.12216154e-01 2.11178655e+00 -2.12216154e-01 1.32591490e+01 8.05822209e-01 2.11178655e+00 8.05822209e-01 8.17180544e-01
7.53244495e+00 4.02359769e-01 6.55475885e-01 4.02359769e-01 6.40184069e+00 -8.02173197e-01 6.55475885e-01 -8.02173197e-01 -1.47928085e+01
-2.97983619e+01 8.55025887e-01 -6.10034183e-01 8.55025887e-01 -3.75248977e+01 -3.96425408e+00 -6.10034183e-01 -3.96425408e+00 -1.00949932e+02
-1.13720165e+01 -1.52629897e+00 -3.03728995e+00 -1.52629897e+00 -2.14533013e+01 6.73647824e+00 -3.03728995e+00 6.73647824e+00 -6.08980391e+01
1.22707191e+01 -7.47581735e-01 -2.44313076e-01 -7.47581735e-01 -5.11464596e+00 6.41971582e+00 -2.44313076e-01 6.41971582e+00 -3.21102017e+01
1.24290981e+01 -1.90363298e+00 2.02129120e+00 -1.90363298e+00 2.03669236e+01 -3.17214638e+00 2.02129120e+00 -3.17214638e+00 6.56760800e+00
8.82615891e+01 -3.53502131e+00 1.06120288e+00 -3.53502131e+00 6.19798012e+01 2.16740074e+01 1.06120288e+00 2.16740074e+01 8.62665558e+01
4.42867966e+01 2.45611906e+00 1.18678808e-03 2.45611906e+00 3.96569443e+01 6.84925747e+00 1.18678808e-03 6.84925747e+00 5.81587524e+01
8.97181356e+00 -2.84420706e+00 -2.09425448e+00 -2.84420706e+00 9.33434892e+00 2.32505158e-01 -2.09425448e+00 2.32505158e-01 7.98677965e+00
3.01646884e+00 -5.41682820e+00 -1.83503765e+00 -5.41682820e+00 1.31600599e+01 -4.30295956e+00 -1.83503765e+00 -4.30295956e+00 5.89265188e+00
-1.12080801e+00 -9.63677883e-01 1.49285126e+00 -9.63677883e-01 1.16510224e+00 -1.06574547e+00 1.49285126e+00 -1.06574547e+00 -5.19002795e-01
-9.37254786e-01 1.09974727e-01 1.51165560e-01 1.09974727e-01 -1.00156710e-01 7.66518652e-01 1.51165560e-01 7.66518652e-01 5.62505245e-01
9.03680742e-01 -6.14208579e-01 3.13828051e-01 -6.14208579e-01 -4.07037199e-01 -1.39475429e+00 3.13828051e-01 -1.39475429e+00 -9.71638858e-01
3.71153772e-01 -1.68843663e+00 -1.27408051e+00 -1.68843663e+00 5.09356737e-01 1.28529406e+00 -1.27408051e+00 1.28529406e+00 -1.35555863e+00
7.07414511e+00 2.55471144e+00 1.60240678e+00 2.55471144e+00 -2.95496407e+00 9.67848241e-01 1.60240678e+00 9.67848241e-01 -6.98384382e-01
1.26333263e+00 -4.27738706e-01 -1.65069918e-01 -4.27738706e-01 -5.15638963e+00 9.52631712e-01 -1.65069918e-01 9.52631712e-01 -7.61803597e-01
-3.49063802e+00 9.40648139e-01 -3.04581374e-02 9.40648139e-01 7.69900307e-01 -1.49856490e+00 -3.04581374e-02 -1.49856490e+00 4.64528479e-01
-5.19725227e+00 -2.51665545e+00 -3.39500914e-01 -2.51665545e+00 2.31871760e+00 -8.16336552e-01 -3.39500914e-01 -8.16336552e-01 3.34068045e+00
1.89236593e+00 -2.93310657e-02 2.06995988e-03 -2.93310657e-02 -1.59707749e+00 2.78696092e-03 2.06995988e-03 2.78696092e-03 -2.94736862e+01
-2.39959836e-01 2.76282363e-01 -1.10432594e-02 2.76282363e-01 -2.21590894e+00 3.11508641e-01 -1.10432594e-02 3.11508641e-01 -3.25846338e+01
1.04614806e+00 9.90320593e-01 2.24839892e-01 9.90320593e-01 -1.44531620e+00 4.03404225e-01 2.24839892e-01 4.03404225e-01 -3.02562771e+01
1.31842756e+00 3.53446111e-01 1.58842027e-01 3.53446111e-01 -2.61273956e+00 -9.04109888e-03 1.58842027e-01 -9.04109888e-03 -3.11509088e+01
-7.83100271e+00 6.08704716e-01 -8.15421902e-03 6.08704716e-01 -5.88490415e+00 1.07837859e+00 -8.15421902e-03 1.07837859e+00 -4.46959743e+01
-6.41514133e+00 2.09925297e+00 2.69437708e-01 2.09925297e+00 -5.34110318e+00 7.04480216e-01 2.69437708e-01 7.04480216e-01 -4.24146426e+01
-1.16012932e+01 1.25062567e+00 3.15086143e-02 1.25062567e+00 -7.26254714e+00 6.85052246e-01 3.15086143e-02 6.85052246e-01 -5.01351242e+01
-1.97072037e+01 1.68687046e+00 1.12111200e+00 1.68687046e+00 -1.15903147e+01 1.86812219e+00 1.12111200e+00 1.86812219e+00 -6.28215232e+01
-1.17208313e+01 -5.70938110e-01 6.39231503e-02 -5.70938110e-01 -5.48989403e+00 3.65478888e-01 6.39231503e-02 3.65478888e-01 -4.81328049e+01
-1.85759914e+01 -7.79224917e-01 2.00957547e+00 -7.79224917e-01 -9.18766505e+00 1.46452729e+00 2.00957547e+00 1.46452729e+00 -5.89422812e+01
-9.46299314e+00 -2.38512501e-01 1.03645906e-01 -2.38512501e-01 -2.81439808e+00 -4.67622966e-01 1.03645906e-01 -4.67622966e-01 -4.27237816e+01
-6.47897780e+00 -2.23666293e+00 1.80421598e+00 -2.23666293e+00 1.32559538e+00 1.54951722e-01 1.80421598e+00 1.54951722e-01 -3.42029227e+01
-2.41983948e+01 -3.47705865e+00 1.91983491e-01 -3.47705865e+00 -1.27922087e+01 2.24393338e-01 1.91983491e-01 2.24393338e-01 -6.84871368e+01
-2.10164280e+01 -1.66823220e+00 2.56063598e+00 -1.66823220e+00 -6.82699633e+00 -3.83860469e+00 2.56063598e+00 -3.83860469e+00 -5.72698727e+01
1.87284708e+00 2.95013830e+00 -1.19487140e+00 2.95013830e+00 -2.71922326e+00 1.21527138e+00 -1.19487140e+00 1.21527138e+00 -3.01585655e+01
-2.60282230e+00 4.65903424e-01 -5.28963730e-01 4.65903424e-01 -1.04629765e+01 1.40857186e-01 -5.28963730e-01 1.40857186e-01 -4.33564930e+01
-7.98550501e+00 4.93035093e+00 5.55861570e-01 4.93035093e+00 -8.05616713e+00 2.29910250e+00 5.55861570e-01 2.29910250e+00 -4.56789417e+01
8.63739491e+00 1.21519136e+00 1.73546092e+00 1.21519136e+00 1.27788515e+01 1.06854717e+00 1.73546092e+00 1.06854717e+00 -6.82715058e+00
2.54727788e+01 -1.13797157e+00 1.98535164e+00 -1.13797157e+00 2.41771135e+01 4.02919695e-01 1.98535164e+00 4.02919695e-01 2.23159966e+01
1.85135932e+01 -1.02219105e-01 2.27782451e+00 -1.02219105e-01 1.74021788e+01 -5.05730030e-01 2.27782451e+00 -5.05730030e-01 7.75390744e+00
1.49200540e+01 -5.77266726e+00 1.51915541e+00 -5.77266726e+00 6.16240788e+00 -8.39360297e-01 1.51915541e+00 -8.39360297e-01 -4.57828903e+00
-8.60833015e+01 -2.57098788e+00 5.64081502e+00 -2.57098788e+00 -1.02627644e+02 3.67977309e+00 5.64081502e+00 3.67977309e+00 -2.32734550e+02
-1.00207153e+02 -8.94454122e-02 2.90301466e+00 -8.94454122e-02 -1.06013428e+02 1.36915743e-01 2.90301466e+00 1.36915743e-01 -2.53177322e+02
2.21606259e+01 4.77454933e+00 -8.00191010e-01 4.77454933e+00 2.05208680e+01 2.05871344e+00 -8.00191010e-01 2.05871344e+00 1.75324306e+01
3.20145600e+01 -2.60697445e+00 2.90251677e+00 -2.60697445e+00 3.16450391e+01 1.88930599e+00 2.90251677e+00 1.88930599e+00 3.59866686e+01
2.99359496e+01 -1.19590546e+00 6.97458088e-01 -1.19590546e+00 2.85242829e+01 1.72578894e+00 6.97458088e-01 1.72578894e+00 3.23104379e+01
1.47475446e+01 3.47675562e-01 2.35626483e+00 3.47675562e-01 1.51773366e+01 -3.09249680e+00 2.35626483e+00 -3.09249680e+00 1.69624186e+01
2.30798373e+01 1.14503324e+00 3.76313639e+00 1.14503324e+00 1.63157141e+01 1.17304416e+00 3.76313639e+00 1.17304416e+00 2.66072077e+01
1.17352891e+00 -7.70842141e+00 -1.54906631e+00 -7.70842141e+00 -6.35199875e+00 -9.50496167e-01 -1.54906631e+00 -9.50496167e-01 4.83280778e-01
2.82932162e+01 4.09043585e+00 3.54717553e+00 4.09043585e+00 1.46427917e+01 3.27313513e-01 3.54717553e+00 3.27313513e-01 3.41774894e+01
1.18136787e+01 6.04875600e+00 -1.02555090e+01 6.04875600e+00 2.20029716e+01 1.75384068e+01 -1.02555090e+01 1.75384068e+01 5.71174245e+01
2.51262159e+01 -2.51162779e+00 3.57062373e+00 -2.51162779e+00 2.92648849e+01 -3.28227592e+00 3.57062373e+00 -3.28227592e+00 3.95758724e+01
-3.67504525e+00 9.85866547e+00 -2.29425049e+00 9.85866547e+00 7.26375914e+00 2.04291382e+01 -2.29425049e+00 2.04291382e+01 -2.72012558e+01
1.85231353e+01 4.79046836e+00 -3.11732904e+00 4.79046836e+00 2.62550691e+01 -3.19733047e+00 -3.11732904e+00 -3.19733047e+00 1.24295948e+01
1.42523746e+01 1.48195326e-01 3.44412021e+00 1.48195326e-01 7.53114700e+00 2.48382033e+00 3.44412021e+00 2.48382033e+00 5.44921108e+00
-4.25630033e-01 4.57840754e+00 4.81755629e+00 4.57840754e+00 1.06852754e+01 -8.17286968e-01 4.81755629e+00 -8.17286968e-01 3.09087604e+00
-2.61890642e-01 -4.50182632e+00 -5.85611373e-01 -4.50182632e+00 6.39754844e+00 2.12938288e+00 -5.85611373e-01 2.12938288e+00 9.85413712e+00
3.45757604e+00 -2.09264946e+00 -8.09645176e-01 -2.09264946e+00 -7.41418314e+00 4.26145699e-02 -8.09645176e-01 4.26145699e-02 5.48680180e+00
-2.11040473e+00 -2.38824606e-01 -1.39937428e+00 -2.38824606e-01 -6.75244761e+00 -1.26039746e+00 -1.39937428e+00 -1.26039746e+00 3.12046260e+00
-9.23022766e+01 2.28295827e+00 -2.96772265e+00 2.28295827e+00 -6.41411743e+01 1.09183383e+00 -2.96772265e+00 1.09183383e+00 -1.96136215e+02
-1.39478668e+02 5.11373949e+00 3.47284794e-01 5.11373949e+00 -1.24516426e+02 1.54079580e+00 3.47284794e-01 1.54079580e+00 -3.15521240e+02
7.78946241e+00 -1.41656371e+00 1.41045879e+00 -1.41656371e+00 5.51320521e+00 2.08640321e+00 1.41045879e+00 2.08640321e+00 -1.56151454e+01
2.57826424e+00 -2.33953762e+00 3.88354445e+00 -2.33953762e+00 -6.11213303e+00 -3.65993083e-02 3.88354445e+00 -3.65993083e-02 -3.25410309e+01
1.69170268e+00 2.16699094e+00 -1.19128333e-01 2.16699094e+00 -5.08556724e-01 -8.16739544e-01 -1.19128333e-01 -8.16739544e-01 3.07970302e+00
1.22774089e+01 1.40830906e+00 2.75027315e-01 1.40830906e+00 2.64235522e+01 5.36993607e+00 2.75027315e-01 5.36993607e+00 2.40565953e+01
2.59166384e+00 1.52130741e+00 4.81655031e-01 1.52130741e+00 -6.35720134e+00 7.01150090e-01 4.81655031e-01 7.01150090e-01 -2.97802293e+00
5.95499086e+00 -1.69260836e+00 7.99090203e-01 -1.69260836e+00 1.72148895e+00 7.17241079e-01 7.99090203e-01 7.17241079e-01 -2.09106731e+01
1.62322292e+01 1.59667277e+00 -8.40907395e-01 1.59667277e+00 1.26389246e+01 1.53415836e-02 -8.40907395e-01 1.53415836e-02 1.52256584e+00
-1.13721609e+00 -1.06799471e+00 3.05148400e-01 -1.06799471e+00 -2.15823174e+00 3.94503754e+00 3.05148400e-01 3.94503754e+00 -3.36984140e+01
-5.75672126e+00 -2.25282006e+00 -1.67817499e-01 -2.25282006e+00 -1.57423530e+01 3.46221185e+00 -1.67817499e-01 3.46221185e+00 -5.11798878e+01
1.26133676e+01 3.02214706e+00 -2.35176440e+00 3.02214706e+00 3.65897751e+00 8.32355022e-01 -2.35176440e+00 8.32355022e-01 -1.24462471e+01
1.03372803e+01 -8.66868615e-01 -1.36891777e+00 -8.66868615e-01 2.52569742e+01 2.39835960e+00 -1.36891777e+00 2.39835960e+00 1.09811811e+01
2.13602276e+01 3.16161803e+00 -2.25275819e+00 3.16161803e+00 2.46714344e+01 1.54657871e+00 -2.25275819e+00 1.54657871e+00 2.36445746e+01
-6.08607692e+00 1.42117834e+00 -1.15465981e+00 1.42117834e+00 1.84474039e+00 6.61167383e-01 -1.15465981e+00 6.61167383e-01 3.87176755e+00
-4.50097036e+00 1.35650325e+00 -5.50553650e-02 1.35650325e+00 -4.05568004e-01 -9.83934700e-02 -5.50553650e-02 -9.83934700e-02 8.68800223e-01
</DataArray>
<DataArray type="Float32" Name="Logarithmic_strain_components" NumberOfComponents="9" format="ascii">
3.20073459e-02 -7.03264174e-03 2.39437717e-03 -7.03264174e-03 2.77214712e-02 6.78762807e-03 2.39437717e-03 6.78762807e-03 -4.95537668e-02
3.17966482e-02 -1.32334280e-02 4.95886779e-05 -1.32334280e-02 3.47461738e-02 1.42248557e-02 4.95886779e-05 1.42248557e-02 -5.58493561e-02
3.70951286e-02 -1.36916293e-03 3.33473168e-03 -1.36916293e-03 4.83586900e-02 -5.52123925e-03 3.33473168e-03 -5.52123925e-03 -7.25132003e-02
3.26247625e-02 -1.18170938e-03 -2.79445658e-03 -1.18170938e-03 3.78408162e-02 -2.16358341e-04 -2.79445658e-03 -2.16358341e-04 -5.99432010e-02
3.24057592e-02 3.38097458e-03 1.16559301e-02 3.38097458e-03 4.04136688e-02 8.30866391e-03 1.16559301e-02 8.30866391e-03 -5.97677780e-02
3.35189719e-02 -1.09915602e-02 -1.31628122e-02 -1.09915602e-02 5.27228404e-02 1.34402765e-02 -1.31628122e-02 1.34402765e-02 -7.17314961e-02
4.89362227e-02 -5.04130078e-03 -4.05627131e-03 -5.04130078e-03 5.86056598e-02 -1.15666739e-02 -4.05627131e-03 -1.15666739e-02 -9.14820563e-02
3.68031086e-02 1.52795331e-02 7.40400923e-03 1.52795331e-02 4.52742185e-02 1.44948383e-02 7.40400923e-03 1.44948383e-02 -6.90189153e-02
4.33949418e-02 5.43945585e-04 -1.99780584e-02 5.43945585e-04 4.56436770e-02 1.92700084e-02 -1.99780584e-02 1.92700084e-02 -7.90004171e-02
5.60406391e-02 2.33938743e-04 -1.40567450e-02 2.33938743e-04 6.17450550e-02 2.23583663e-02 -1.40567450e-02 2.23583663e-02 -1.05950333e-01
5.97366889e-02 2.75106216e-02 -8.84763760e-02 2.75106216e-02 5.55725799e-02 -1.39593412e-02 -8.84763760e-02 -1.39593412e-02 -1.00278653e-01
8.47912244e-02 2.42744610e-02 -6.57714009e-02 2.42744610e-02 4.82291058e-02 -1.16097193e-02 -6.57714009e-02 -1.16097193e-02 -1.15892492e-01
-3.80802345e-06 -2.91845645e-05 -1.26481689e-05 -2.91845645e-05 8.45307170e-06 1.21726134e-05 -1.26481689e-05 1.21726134e-05 -8.49273192e-06
-8.73839485e-06 -1.97254292e-06 -4.87854322e-06 -1.97254292e-06 -6.67949735e-07 -1.14438735e-05 -4.87854322e-06 -1.14438735e-05 4.67717928e-06
1.86289544e-05 -6.45784712e-06 -4.66270853e-06 -6.45784712e-06 -8.01179112e-07 2.88859087e-05 -4.66270853e-06 2.88859087e-05 -2.12162977e-05
1.08241620e-05 -3.35068344e-05 -4.56325324e-07 -3.35068344e-05 -3.08116205e-06 -2.42124715e-05 -4.56325324e-07 -2.42124715e-05 -1.27259013e-05
4.58224895e-06 1.01395663e-05 1.66445570e-05 1.01395663e-05 7.21159040e-07 7.35938147e-06 1.66445570e-05 7.35938147e-06 -1.81086500e-06
-2.20213724e-06 1.01873934e-06 6.14035207e-06 1.01873934e-06 -4.62918706e-06 3.02794888e-07 6.14035207e-06 3.02794888e-07 1.06068592e-05
-2.75834827e-06 2.32014713e-06 -1.18847029e-05 2.32014713e-06 4.09961922e-06 -2.57448119e-05 -1.18847029e-05 -2.57448119e-05 7.10588210e-07
-8.64994672e-06 1.13127408e-05 -5.85116823e-06 1.13127408e-05 -3.71028727e-06 1.69893192e-05 -5.85116823e-06 1.69893192e-05 1.66243371e-05
4.57905214e-02 8.20439254e-06 9.50300088e-03 8.20439254e-06 4.80273422e-02 -2.12377287e-03 9.50300088e-03 -2.12377287e-03 -7.92728812e-02
4.71538864e-02 2.18274677e-03 6.33320969e-03 2.18274677e-03 4.64468161e-02 2.60596200e-03 6.33320969e-03 2.60596200e-03 -7.91041963e-02
4.54686768e-02 -8.46562974e-03 1.11792609e-02 -8.46562974e-03 4.71393326e-02 3.59060137e-03 1.11792609e-02 3.59060137e-03 -7.77888065e-02
4.41228598e-02 1.65406254e-03 9.94028331e-03 1.65406254e-03 4.92987549e-02 -5.28279715e-03 9.94028331e-03 -5.28279715e-03 -7.89225213e-02
