<VTKFile type="UnstructuredGrid" version="0.1" byte_order="LittleEndian">
<UnstructuredGrid>
<Piece NumberOfPoints="173" NumberOfCells="80">
<Points>
<DataArray type="Float64" NumberOfComponents="3" format="ascii">
 0.00000000e+00  0.00000000e+00  0.00000000e+00
 1.00056934e+00  0.00000000e+00  0.00000000e+00
 1.00068867e+00  1.00209129e+00  0.00000000e+00
 0.00000000e+00  1.00194347e+00  0.00000000e+00
 0.00000000e+00  0.00000000e+00  9.97538745e-01
 1.00061119e+00  0.00000000e+00  9.97326672e-01
 1.00061512e+00  1.00182855e+00  9.97570872e-01
 0.00000000e+00  1.00180244e+00  9.97742355e-01
 2.00133419e+00  0.00000000e+00  0.00000000e+00
 2.00143600e+00  1.00245500e+00  0.00000000e+00
 2.00139356e+00  0.00000000e+00  9.96756434e-01
 2.00142932e+00  1.00197268e+00  9.97303009e-01
 3.00232840e+00  0.00000000e+00  0.00000000e+00
 3.00229001e+00  1.00284505e+00  0.00000000e+00
 3.00251389e+00  0.00000000e+00  9.96258557e-01
 3.00243354e+00  1.00215673e+00  9.96869743e-01
 4.00366879e+00  0.00000000e+00  0.00000000e+00
 4.00339746e+00  1.00314939e+00  0.00000000e+00
 4.00396013e+00  0.00000000e+00  9.95950520e-01
 4.00369167e+00  1.00224841e+00  9.96161520e-01
 5.00570631e+00  0.00000000e+00  0.00000000e+00
 5.00498867e+00  1.00357282e+00  0.00000000e+00
 5.00579882e+00  0.00000000e+00  9.95115519e-01
 5.00537157e+00  1.00241911e+00  9.95473146e-01
 6.00838423e+00  0.00000000e+00  0.00000000e+00
 6.00685167e+00  1.00493371e+00  0.00000000e+00
 6.00767899e+00  0.00000000e+00  9.94576037e-01
 6.00746965e+00  1.00311828e+00  9.94677544e-01
 1.00083363e+00  2.00337768e+00  0.00000000e+00
 0.00000000e+00  2.00324631e+00  0.00000000e+00
 1.00069296e+00  2.00323558e+00  9.98290241e-01
 0.00000000e+00  2.00316262e+00  9.98198032e-01
 2.00158906e+00  2.00368476e+00  0.00000000e+00
 2.00143766e+00  2.00352764e+00  9.98468518e-01
 3.00224924e+00  2.00411677e+00  0.00000000e+00
 3.00210190e+00  2.00377774e+00  9.98769701e-01
 4.00286961e+00  2.00471377e+00  0.00000000e+00
 4.00305319e+00  2.00393987e+00  9.98549640e-01
 5.00355768e+00  2.00530005e+00  0.00000000e+00
 5.00395679e+00  2.00446296e+00  9.98592317e-01
 6.00414276e+00  2.00667620e+00  0.00000000e+00
 6.00512552e+00  2.00578499e+00  9.98357296e-01
 1.00085664e+00  3.00391316e+00  0.00000000e+00
 0.00000000e+00  3.00386524e+00  0.00000000e+00
 1.00071776e+00  3.00392747e+00  9.98864710e-01
 0.00000000e+00  3.00390601e+00  9.98626113e-01
 2.00152802e+00  3.00404406e+00  0.00000000e+00
 2.00137329e+00  3.00403523e+00  9.99212325e-01
 3.00196600e+00  3.00427461e+00  0.00000000e+00
 3.00174379e+00  3.00419950e+00  9.99772847e-01
 4.00214767e+00  3.00470161e+00  0.00000000e+00
 4.00199890e+00  3.00433612e+00  1.00020611e+00
 5.00261831e+00  3.00524783e+00  0.00000000e+00
 5.00259161e+00  3.00482750e+00  1.00024605e+00
 6.00263453e+00  3.00632048e+00  0.00000000e+00
 6.00273323e+00  3.00616097e+00  1.00007463e+00
 1.00078714e+00  4.00412941e+00  0.00000000e+00
 0.00000000e+00  4.00415564e+00  0.00000000e+00
 1.00067198e+00  4.00421810e+00  9.98997450e-01
 0.00000000e+00  4.00422382e+00  9.98843670e-01
 2.00134754e+00  4.00415802e+00  0.00000000e+00
 2.00118279e+00  4.00415039e+00  9.99337792e-01
 3.00159311e+00  4.00429487e+00  0.00000000e+00
 3.00136924e+00  4.00426626e+00  9.99810696e-01
 4.00158072e+00  4.00464296e+00  0.00000000e+00
 4.00152826e+00  4.00468969e+00  1.00003672e+00
 6.00169802e+00  4.00586033e+00  0.00000000e+00
 5.00170851e+00  4.00515270e+00  0.00000000e+00
 6.00173473e+00  4.00591373e+00  1.00000048e+00
 5.00170755e+00  4.00521469e+00  1.00004876e+00
 1.00070393e+00  5.00437593e+00  0.00000000e+00
 0.00000000e+00  5.00444651e+00  0.00000000e+00
 1.00060284e+00  5.00442314e+00  9.98938978e-01
 0.00000000e+00  5.00448322e+00  9.98729110e-01
 2.00115776e+00  5.00429106e+00  0.00000000e+00
 2.00098324e+00  5.00432444e+00  9.99285400e-01
 3.00128746e+00  5.00438452e+00  0.00000000e+00
 3.00113273e+00  5.00439024e+00  9.99733090e-01
 4.00126982e+00  5.00468302e+00  0.00000000e+00
 4.00119638e+00  5.00468683e+00  1.00003159e+00
 5.00117397e+00  5.00519180e+00  0.00000000e+00
 5.00119877e+00  5.00519562e+00  1.00000167e+00
 6.00119495e+00  5.00573921e+00  0.00000000e+00
 6.00120211e+00  5.00571871e+00  9.99985993e-01
 1.00079131e+00  6.00475931e+00  0.00000000e+00
 0.00000000e+00  6.00489140e+00  0.00000000e+00
 1.00061738e+00  6.00476503e+00  9.98818099e-01
 0.00000000e+00  6.00491047e+00  9.98554230e-01
 2.00115085e+00  6.00448751e+00  0.00000000e+00
 2.00096989e+00  6.00456333e+00  9.99167383e-01
 3.00111938e+00  6.00445080e+00  0.00000000e+00
 3.00101566e+00  6.00453091e+00  9.99638796e-01
 4.00092125e+00  6.00474310e+00  0.00000000e+00
 4.00083351e+00  6.00473785e+00  1.00004983e+00
 5.00075197e+00  6.00519228e+00  0.00000000e+00
 5.00074959e+00  6.00519943e+00  1.00002003e+00
 6.00070906e+00  6.00570297e+00  0.00000000e+00
 6.00072193e+00  6.00568628e+00  1.00001264e+00
 0.00000000e+00  0.00000000e+00  1.99522913e+00
 1.00079334e+00  0.00000000e+00  1.99500716e+00
 1.00067365e+00  1.00137985e+00  1.99536169e+00
 0.00000000e+00  1.00149095e+00  1.99560714e+00
 2.00180817e+00  0.00000000e+00  1.99454021e+00
 2.00153446e+00  1.00107622e+00  1.99446547e+00
 3.00299644e+00  0.00000000e+00  1.99361777e+00
 3.00298476e+00  1.00097370e+00  1.99374449e+00
 4.00462580e+00  0.00000000e+00  1.99235952e+00
 4.00449562e+00  1.00110960e+00  1.99348903e+00
 5.00620842e+00  0.00000000e+00  1.99135435e+00
 5.00616026e+00  1.00116086e+00  1.99251044e+00
 6.00739002e+00  0.00000000e+00  1.99080563e+00
 6.00776339e+00  1.00106955e+00  1.99174201e+00
 1.00037324e+00  2.00280166e+00  1.99621975e+00
 0.00000000e+00  2.00287080e+00  1.99663913e+00
 2.00126624e+00  2.00266242e+00  1.99621069e+00
 3.00256562e+00  2.00291109e+00  1.99598920e+00
 4.00427961e+00  2.00322556e+00  1.99442625e+00
 5.00612020e+00  2.00330782e+00  1.99419188e+00
 6.00832605e+00  2.00314903e+00  1.99316287e+00
 1.00034690e+00  3.00398493e+00  1.99737203e+00
 0.00000000e+00  3.00387335e+00  1.99764442e+00
 2.00080538e+00  3.00397897e+00  1.99843287e+00
 3.00068974e+00  3.00401354e+00  2.00017428e+00
 1.00044513e+00  4.00442839e+00  1.99810839e+00
 0.00000000e+00  4.00441647e+00  1.99791586e+00
 2.00076485e+00  4.00434160e+00  1.99881685e+00
 3.00086761e+00  4.00413179e+00  1.99948311e+00
 1.00032401e+00  5.00462961e+00  1.99800074e+00
 0.00000000e+00  5.00469828e+00  1.99776793e+00
 2.00068879e+00  5.00450134e+00  1.99862337e+00
 3.00106382e+00  5.00435925e+00  1.99888647e+00
 1.00016391e+00  6.00500727e+00  1.99756515e+00
 0.00000000e+00  6.00485182e+00  1.99767351e+00
 2.00053287e+00  6.00509024e+00  1.99800050e+00
 3.00107837e+00  6.00490093e+00  1.99836791e+00
 5.00123167e+00  5.00517082e+00  2.00000072e+00
 6.00123167e+00  5.00564957e+00  1.99997056e+00
 6.00074768e+00  6.00565767e+00  2.00001907e+00
 5.00073671e+00  6.00517464e+00  2.00003719e+00
 0.00000000e+00  0.00000000e+00  2.99296904e+00
 1.00116086e+00  0.00000000e+00  2.99270535e+00
 1.00109172e+00  1.00113380e+00  2.99323893e+00
 0.00000000e+00  1.00118184e+00  2.99348021e+00
 2.00250888e+00  0.00000000e+00  2.99195004e+00
 2.00222158e+00  1.00080991e+00  2.99268031e+00
 3.00387430e+00  0.00000000e+00  2.99122047e+00
 3.00385761e+00  1.00055432e+00  2.99148655e+00
 4.00544214e+00  0.00000000e+00  2.99049687e+00
 4.00543213e+00  1.00062120e+00  2.99019265e+00
 5.00672007e+00  0.00000000e+00  2.98961329e+00
 5.00685596e+00  1.00073147e+00  2.98969316e+00
 6.00762272e+00  0.00000000e+00  2.98919296e+00
 6.00792599e+00  1.00049281e+00  2.98938322e+00
 1.00061810e+00  2.00217128e+00  2.99439073e+00
 0.00000000e+00  2.00259495e+00  2.99465108e+00
 2.00183916e+00  2.00197816e+00  2.99237490e+00
 3.00332880e+00  2.00221062e+00  2.99052310e+00
 4.00564480e+00  2.00265479e+00  2.99080229e+00
 5.00725460e+00  2.00211453e+00  2.99008012e+00
 6.00850773e+00  2.00158858e+00  2.99000406e+00
 1.00028455e+00  3.00372767e+00  2.99649692e+00
 0.00000000e+00  3.00382900e+00  2.99575591e+00
 2.00161958e+00  3.00344062e+00  2.99447751e+00
 1.00020015e+00  4.00460672e+00  2.99735355e+00
 0.00000000e+00  4.00478458e+00  2.99693418e+00
 2.00054312e+00  4.00469542e+00  2.99849868e+00
 1.00024068e+00  5.00512409e+00  2.99715161e+00
 0.00000000e+00  5.00491047e+00  2.99727249e+00
 2.00055695e+00  5.00526285e+00  2.99725342e+00
 3.00029755e+00  4.00487041e+00  2.99975300e+00
 3.00141335e+00  5.00467348e+00  2.99771929e+00
 1.00007892e+00  6.00522757e+00  2.99699044e+00
 0.00000000e+00  6.00526333e+00  2.99661040e+00
</DataArray>
</Points>
<PointData Tensors="Stress_Components,Plastic_strain_components" Vevtors="Spatial_displacement,Reaction_force" Scalars="Equivalent_plastic_strain,Stress_Mises,Stress_Max_Principal,Stress_Mid_Principal,Stress_Min_Principal,Stress_Pressure,Stress_Tresca,Stress_Third_Invariant,Plastic_strain_Max_Principal,Plastic_strain_Min_Principal">
<DataArray type="Float32" Name="Stress_Components" NumberOfComponents="9" format="ascii">
-4.78936768e+00 2.68630683e-04 1.13360817e-03 2.68630683e-04 6.08573437e+00 3.43388319e-03 1.13360817e-03 3.43388319e-03 -2.64158211e+01
-5.12189841e+00 4.43860367e-01 -2.18822621e-04 4.43860367e-01 5.42655873e+00 2.18838662e-01 -2.18822621e-04 2.18838662e-01 -2.76843290e+01
-3.25544402e+00 1.60500666e+00 -1.03435762e+00 1.60500666e+00 4.60928583e+00 -2.55954131e-01 -1.03435762e+00 -2.55954131e-01 -2.70853601e+01
-3.16462326e+00 6.41294241e-01 -5.80297917e-01 6.41294241e-01 5.00898552e+00 -1.59953907e-03 -5.80297917e-01 -1.59953907e-03 -2.66687298e+01
-4.01141191e+00 -8.78379215e-04 8.22186232e-01 -8.78379215e-04 5.71241093e+00 -7.53158957e-01 8.22186232e-01 -7.53158957e-01 -2.63511925e+01
-3.92841518e+00 2.77889660e-04 7.58689597e-01 2.77889660e-04 5.08607423e+00 -9.52220546e-01 7.58689597e-01 -9.52220546e-01 -2.71866493e+01
-3.17730592e+00 5.40372917e-01 4.13623240e-01 5.40372917e-01 4.60960948e+00 -1.01793854e+00 4.13623240e-01 -1.01793854e+00 -2.71944847e+01
-3.33082086e+00 1.12065401e-01 4.57315668e-01 1.12065401e-01 5.27191782e+00 -8.90110925e-01 4.57315668e-01 -8.90110925e-01 -2.64231768e+01
-6.10072351e+00 2.90030926e-01 1.49151357e-03 2.90030926e-01 3.98458111e+00 2.20456153e-01 1.49151357e-03 2.20456153e-01 -3.06640539e+01
-3.31267327e+00 1.87627745e+00 -1.76307905e+00 1.87627745e+00 4.08244950e+00 5.88896051e-02 -1.76307905e+00 5.88896051e-02 -2.76740856e+01
-3.90065408e+00 1.62733266e-01 1.62147412e+00 1.62733266e-01 3.83392203e+00 -9.39311761e-01 1.62147412e+00 -9.39311761e-01 -2.89635625e+01
-3.39626007e+00 7.45765939e-01 3.65996985e-01 7.45765939e-01 3.15789357e+00 -1.14468113e+00 3.65996985e-01 -1.14468113e+00 -2.94917817e+01
-6.74763370e+00 -1.45950072e-01 2.80412962e-03 -1.45950072e-01 2.77377760e+00 5.27316809e-01 2.80412962e-03 5.27316809e-01 -3.29191494e+01
-3.48898204e+00 8.40371266e-01 -2.19462258e+00 8.40371266e-01 3.17052776e+00 5.12951501e-01 -2.19462258e+00 5.12951501e-01 -2.92107768e+01
-3.79364175e+00 -2.86589976e-01 1.64254603e+00 -2.86589976e-01 2.24180970e+00 -1.61807226e-01 1.64254603e+00 -1.61807226e-01 -3.11533971e+01
-3.43550414e+00 -1.81246966e-01 7.93396845e-01 -1.81246966e-01 2.00781883e+00 -5.99954445e-01 7.93396845e-01 -5.99954445e-01 -3.08881037e+01
-5.60369349e+00 -7.86813647e-01 1.41675082e-03 -7.86813647e-01 1.81708455e+00 7.05632329e-01 1.41675082e-03 7.05632329e-01 -3.32090731e+01
-3.95512564e+00 -4.23192076e-01 -2.35981566e+00 -4.23192076e-01 1.65961935e+00 7.89765388e-01 -2.35981566e+00 7.89765388e-01 -3.16526809e+01
-2.91534308e+00 -8.51857796e-01 4.16737847e-01 -8.51857796e-01 8.55817374e-01 -1.82460080e-01 4.16737847e-01 -1.82460080e-01 -3.21536789e+01
-2.59829915e+00 -1.19915768e+00 5.58146641e-01 -1.19915768e+00 1.19440964e+00 -2.34771520e-01 5.58146641e-01 -2.34771520e-01 -3.07721000e+01
-3.72531167e+00 -1.63998652e+00 3.31111951e-03 -1.63998652e+00 1.67391233e+00 9.57227275e-02 3.31111951e-03 9.57227275e-02 -3.17595711e+01
-2.89636101e+00 -8.78334910e-01 -2.64834905e+00 -8.78334910e-01 1.15953493e+00 8.87117133e-01 -2.64834905e+00 8.87117133e-01 -3.11872792e+01
-1.41260135e+00 -1.11295426e+00 7.82311395e-01 -1.11295426e+00 1.74484623e+00 -1.12740089e+00 7.82311395e-01 -1.12740089e+00 -2.94898324e+01
-1.83447580e+00 -1.80038719e+00 1.36881550e+00 -1.80038719e+00 5.02483703e-01 -2.95289301e-01 1.36881550e+00 -2.95289301e-01 -3.05583932e+01
-6.29562521e+00 -2.77039146e+00 6.91715628e-04 -2.77039146e+00 2.26595783e+00 -1.20875239e+00 6.91715628e-04 -1.20875239e+00 -3.29553642e+01
-5.00495172e+00 -1.74051385e+00 -3.79683757e+00 -1.74051385e+00 1.25713706e-01 1.43461496e+00 -3.79683757e+00 1.43461496e+00 -3.36707935e+01
-2.68180811e+00 -3.86099011e-01 1.47299938e-01 -3.86099011e-01 3.38015723e+00 -2.12332100e+00 1.47299938e-01 -2.12332100e+00 -2.87509537e+01
-3.36036274e+00 -1.78282571e+00 1.19926095e-01 -1.78282571e+00 8.69827319e-01 -7.08263185e-01 1.19926095e-01 -7.08263185e-01 -3.14462795e+01
1.34998610e+00 1.79810262e+00 -8.30834433e-01 1.79810262e+00 2.57653117e+00 -7.58681133e-01 -8.30834433e-01 -7.58681133e-01 -2.52068343e+01
7.44292676e-01 7.83408552e-01 -5.13736740e-01 7.83408552e-01 2.14512707e+00 8.77948944e-04 -5.13736740e-01 8.77948944e-04 -2.66125593e+01
-4.24484693e-01 1.30894193e+00 1.74992675e+00 1.30894193e+00 3.01271215e+00 -6.78258150e-01 1.74992675e+00 -6.78258150e-01 -2.65137446e+01
-3.96211907e-01 4.82770361e-01 1.32405509e+00 4.82770361e-01 3.65807804e+00 2.19541021e-01 1.32405509e+00 2.19541021e-01 -2.60434117e+01
2.58677167e+00 2.57148272e+00 -1.01961339e+00 2.57148272e+00 3.39853409e+00 -8.24626490e-01 -1.01961339e+00 -8.24626490e-01 -2.27225885e+01
4.35749650e-01 1.34798156e+00 2.17285743e+00 1.34798156e+00 3.31546335e+00 3.01663900e-01 2.17285743e+00 3.01663900e-01 -2.50836256e+01
4.60836986e+00 1.96662867e+00 -2.21646690e+00 1.96662867e+00 4.86308370e+00 -4.79861885e-01 -2.21646690e+00 -4.79861885e-01 -1.88339615e+01
1.13216036e+00 -4.21941322e-01 4.09413797e+00 -4.21941322e-01 3.39437485e+00 6.75951251e-01 4.09413797e+00 6.75951251e-01 -2.40484170e+01
5.33640208e+00 -4.75805499e-01 -3.40144527e+00 -4.75805499e-01 6.38904598e+00 1.39515327e+00 -3.40144527e+00 1.39515327e+00 -1.63827338e+01
1.26942148e-01 -2.15477719e+00 4.58121494e+00 -2.15477719e+00 3.27825763e+00 1.67389472e+00 4.58121494e+00 1.67389472e+00 -2.47785891e+01
6.23775318e+00 -1.04148531e+00 -3.53300649e+00 -1.04148531e+00 5.44074893e+00 2.17610946e+00 -3.53300649e+00 2.17610946e+00 -1.71823244e+01
-4.64650015e-01 -2.35718531e+00 5.23934424e+00 -2.35718531e+00 1.69505250e+00 3.62590750e+00 5.23934424e+00 3.62590750e+00 -2.54429447e+01
3.91322780e+00 -2.36892870e+00 -4.13565290e+00 -2.36892870e+00 2.19712710e+00 5.10973108e+00 -4.13565290e+00 5.10973108e+00 -2.01942620e+01
-2.78796411e+00 -4.53163735e+00 5.05392917e+00 -4.53163735e+00 -8.98965677e-01 5.46484613e+00 5.05392917e+00 5.46484613e+00 -2.94627520e+01
5.58166254e+00 7.23844675e-01 4.43979390e-02 7.23844675e-01 -6.34963021e-01 -1.10032502e+00 4.43979390e-02 -1.10032502e+00 -2.38169546e+01
4.53095496e+00 4.42086786e-01 2.45652005e-01 4.42086786e-01 -1.25535923e+00 1.30011784e-02 2.45652005e-01 1.30011784e-02 -2.58406839e+01
3.55216804e+00 5.98559714e-01 2.70539506e+00 5.98559714e-01 6.02006428e-01 2.15865374e-01 2.70539506e+00 2.15865374e-01 -2.48105829e+01
3.65785214e+00 2.30984185e-01 2.40785971e+00 2.30984185e-01 5.65215588e-01 1.68073776e+00 2.40785971e+00 1.68073776e+00 -2.47925105e+01
7.22897220e+00 9.94912051e-01 -3.73760073e-02 9.94912051e-01 1.01956508e+00 -1.50687891e+00 -3.73760073e-02 -1.50687891e+00 -2.04780154e+01
6.58953243e+00 3.52654834e-01 3.69398360e+00 3.52654834e-01 2.77937183e+00 1.29621389e+00 3.69398360e+00 1.29621389e+00 -2.00302322e+01
1.20998249e+01 4.25849736e-01 -1.00539564e+00 4.25849736e-01 3.52859789e+00 -3.94259453e+00 -1.00539564e+00 -3.94259453e+00 -1.21343649e+01
6.71139781e+00 -3.76145848e+00 5.02109578e+00 -3.76145848e+00 2.63012564e+00 7.63894240e-01 5.02109578e+00 7.63894240e-01 -7.30280058e+00
1.44732469e+01 -5.49000716e+00 -6.00697215e+00 -5.49000716e+00 8.65750273e-01 -2.21900662e+00 -6.00697215e+00 -2.21900662e+00 1.49946888e+00
3.86498237e+00 -6.86880223e+00 4.93056965e+00 -6.86880223e+00 6.27516882e+00 2.72110519e+00 4.93056965e+00 2.72110519e+00 1.71977172e-01
6.09594836e+00 6.00278775e-01 -7.83092038e+00 6.00278775e-01 -3.10267452e+00 8.13965102e-02 -7.83092038e+00 8.13965102e-02 2.82295307e+00
9.16881005e-01 4.43736712e-02 6.84598414e+00 4.43736712e-02 4.66164962e+00 -2.32302901e+00 6.84598414e+00 -2.32302901e+00 -2.99392165e+00
1.02892401e+01 -5.65074480e+00 -2.33922833e+00 -5.65074480e+00 -1.17471805e+01 4.14539492e+00 -2.33922833e+00 4.14539492e+00 1.28601122e+00
-6.09784126e-02 -1.78730607e+00 5.57411170e+00 -1.78730607e+00 -4.29567102e+00 -1.17271519e+00 5.57411170e+00 -1.17271519e+00 -2.49154472e+00
5.98256123e+00 -5.49436551e-01 8.05370107e-01 -5.49436551e-01 -2.43585536e+00 -1.11248755e+00 8.05370107e-01 -1.11248755e+00 -2.47700467e+01
5.47154951e+00 -1.55136123e-01 5.35383523e-01 -1.55136123e-01 -2.95202386e+00 5.18477522e-03 5.35383523e-01 5.18477522e-03 -2.60211096e+01
5.51867455e+00 -8.12727194e-01 1.88490332e+00 -8.12727194e-01 -1.38456140e+00 7.18458097e-01 1.88490332e+00 7.18458097e-01 -2.43882854e+01
5.18220031e+00 -1.83433290e-02 1.55508408e+00 -1.83433290e-02 -1.94861385e+00 1.43100762e+00 1.55508408e+00 1.43100762e+00 -2.51317325e+01
7.26831496e+00 -1.11668491e+00 -9.71756000e-02 -1.11668491e+00 1.31175578e-01 -2.19063914e+00 -9.71756000e-02 -2.19063914e+00 -2.17981730e+01
6.28782684e+00 -2.19615536e+00 2.09980610e+00 -2.19615536e+00 8.39662805e-01 1.66898419e+00 2.09980610e+00 1.66898419e+00 -2.08359741e+01
5.82767317e+00 -2.12772468e+00 -6.12298056e-01 -2.12772468e+00 2.83110270e+00 -4.86373043e+00 -6.12298056e-01 -4.86373043e+00 -8.62113675e+00
6.88613967e+00 -2.02974453e+00 -1.86748511e+00 -2.02974453e+00 3.29984838e+00 1.94425766e+00 -1.86748511e+00 1.94425766e+00 -1.28271907e+01
3.21254083e+00 1.22795641e-01 9.71990546e-01 1.22795641e-01 2.08604840e+00 -1.08451839e+00 9.71990546e-01 -1.08451839e+00 3.30866985e+00
5.35716931e+00 1.64371320e+00 -2.73237765e-01 1.64371320e+00 3.27874293e+00 2.13898923e+00 -2.73237765e-01 2.13898923e+00 -2.86480387e-02
3.45573424e+00 -2.47272730e-01 1.10936350e+00 -2.47272730e-01 -8.22287869e+00 7.67484546e-01 1.10936350e+00 7.67484546e-01 3.89338863e+00
1.10688345e+00 -3.69414508e-01 1.29277893e+00 -3.69414508e-01 -6.16322438e-01 -1.58749620e-02 1.29277893e+00 -1.58749620e-02 1.64107364e+00
3.53709048e+00 -1.37957537e+00 1.85035542e-01 -1.37957537e+00 -6.81735086e+00 -2.39212811e-01 1.85035542e-01 -2.39212811e-01 2.40652061e+00
5.84410350e-01 1.50878241e-01 -7.32193997e-01 1.50878241e-01 2.18459729e+00 -6.02064366e-01 -7.32193997e-01 -6.02064366e-01 -6.37370497e-01
3.54564528e+00 -6.69901304e-01 4.24479604e-01 -6.69901304e-01 -1.46441874e+00 -1.04717389e+00 4.24479604e-01 -1.04717389e+00 -2.72088842e+01
3.75590122e+00 -6.24669999e-01 2.30654344e-01 -6.24669999e-01 -1.85565573e+00 7.71471113e-03 2.30654344e-01 7.71471113e-03 -2.74121513e+01
3.40149049e+00 -1.13745241e+00 4.24714315e-01 -1.13745241e+00 -1.08455647e+00 1.02349770e+00 4.24714315e-01 1.02349770e+00 -2.68248765e+01
3.36105606e+00 -5.76168835e-01 -2.11885989e-01 -5.76168835e-01 -1.51459859e+00 2.11031818e+00 -2.11885989e-01 2.11031818e+00 -2.72405572e+01
3.76121444e+00 -1.14135402e+00 4.94394563e-01 -1.14135402e+00 6.13114059e-01 -2.62013823e+00 4.94394563e-01 -2.62013823e+00 -2.62864380e+01
2.45641464e+00 -1.75833181e+00 3.24554371e-01 -1.75833181e+00 1.10664495e+00 2.52803641e+00 3.24554371e-01 2.52803641e+00 -2.59101541e+01
4.41252142e-01 -8.78095459e-01 1.34038473e-01 -8.78095459e-01 1.34306729e+00 -3.32593870e+00 1.34038473e-01 -3.32593870e+00 -1.38215427e+01
1.08549504e+00 -4.79012201e-01 -1.71307820e+00 -4.79012201e-01 1.66888088e+00 5.01175702e+00 -1.71307820e+00 5.01175702e+00 -1.93722860e+01
-3.13560274e+00 1.54206710e+00 7.54639432e-02 1.54206710e+00 1.32524115e+00 -1.53181317e+00 7.54639432e-02 -1.53181317e+00 5.47588453e-01
-2.76019484e-01 1.15138692e+00 2.13821757e-01 1.15138692e+00 -6.49012164e-01 1.26558280e+00 2.13821757e-01 1.26558280e+00 -3.37746426e-01
-1.41455245e+00 1.03746167e+00 7.89752826e-02 1.03746167e+00 9.78599660e-01 5.20508960e-01 7.89752826e-02 5.20508960e-01 2.13567898e-01
5.37581056e-02 9.20129561e-01 -2.02548769e-01 9.20129561e-01 -2.90833911e-01 1.06653908e-01 -2.02548769e-01 1.06653908e-01 -2.99772561e-02
8.07486087e-01 1.10804448e+00 -4.31245655e-01 1.10804448e+00 -3.34274220e+00 1.56050079e-01 -4.31245655e-01 1.56050079e-01 -6.51236624e-01
7.43553554e-01 5.28181846e-01 -4.96299361e-01 5.28181846e-01 -3.01050234e+00 -1.96602941e-02 -4.96299361e-01 -1.96602941e-02 -5.97061217e-03
1.99705330e+00 -1.17784938e+00 1.31470300e-02 -1.17784938e+00 -1.15977523e+00 -1.77985460e+00 1.31470300e-02 -1.77985460e+00 -2.85214329e+01
3.29129314e+00 -1.07369328e+00 5.97734489e-02 -1.07369328e+00 -2.13263631e+00 1.36566758e-02 5.97734489e-02 1.36566758e-02 -2.82866459e+01
1.52260484e+00 -1.61108837e+00 1.65113062e-02 -1.61108837e+00 -1.05438263e+00 3.24541777e-02 1.65113062e-02 3.24541777e-02 -2.92298899e+01
2.28371823e+00 -1.43720669e+00 -1.97020900e+00 -1.43720669e+00 -1.36543596e+00 2.65513682e+00 -1.97020900e+00 2.65513682e+00 -2.82804890e+01
-4.28074598e-02 -2.22500390e+00 1.16978300e+00 -2.22500390e+00 1.81077588e+00 -2.71206081e+00 1.16978300e+00 -2.71206081e+00 -2.89657011e+01
-7.29288340e-01 -1.67508614e+00 2.11198964e+00 -1.67508614e+00 7.07171112e-01 1.55404361e+00 2.11198964e+00 1.55404361e+00 -2.93701038e+01
-5.07594180e+00 -8.75135422e-01 1.71610588e+00 -8.75135422e-01 2.65353170e+00 -2.26885402e+00 1.71610588e+00 -2.26885402e+00 -1.61399212e+01
-3.98138110e+00 -1.07981269e+00 9.46214676e-01 -1.07981269e+00 2.67250852e+00 6.90952953e+00 9.46214676e-01 6.90952953e+00 -2.24169909e+01
-9.02622032e+00 4.63258803e-01 -1.16233338e-01 4.63258803e-01 1.13586036e+00 -1.83087820e+00 -1.16233338e-01 -1.83087820e+00 7.05661416e-01
-7.49211359e+00 -5.97451448e-01 2.64831051e-01 -5.97451448e-01 1.76295817e-01 2.14025104e+00 2.64831051e-01 2.14025104e+00 1.31126314e-01
-3.98443675e+00 1.20308277e+00 1.50273256e-01 1.20308277e+00 4.60372344e-01 -5.12303486e-02 1.50273256e-01 -5.12303486e-02 1.26845366e+00
-2.15738523e+00 5.99609574e-01 3.12572410e-01 5.99609574e-01 -6.04373043e-02 -4.32138612e-01 3.12572410e-01 -4.32138612e-01 5.65496733e-01
-1.47004795e+00 5.22296786e-01 -3.51672649e-01 5.22296786e-01 -1.20991588e+00 2.65124321e-01 -3.51672649e-01 2.65124321e-01 8.27680051e-01
-8.23997885e-01 1.29537210e-01 8.28606971e-02 1.29537210e-01 -1.03781557e+00 2.46709473e-01 8.28606971e-02 2.46709473e-01 7.12803155e-01
-1.91185117e+00 3.21558421e-03 1.59355897e+00 3.21558421e-03 4.14883339e+00 -9.82568234e-01 1.59355897e+00 -9.82568234e-01 -2.67820587e+01
-1.15651038e+00 -4.49631989e-01 1.64907315e+00 -4.49631989e-01 3.12820822e+00 -2.02328783e-01 1.64907315e+00 -2.02328783e-01 -2.74833384e+01
-2.33021852e+00 -1.79339875e+00 1.20627483e+00 -1.79339875e+00 3.52355689e+00 -1.35494573e+00 1.20627483e+00 -1.35494573e+00 -2.75333116e+01
-2.40914896e+00 -4.35728483e-01 1.73328281e+00 -4.35728483e-01 4.41333264e+00 -9.99628484e-01 1.73328281e+00 -9.99628484e-01 -2.66502724e+01
7.99361758e-01 -1.19163957e+00 -3.24630126e-01 -1.19163957e+00 1.07805903e+00 -4.23011167e-01 -3.24630126e-01 -4.23011167e-01 -2.81770859e+01
-1.83816771e+00 -2.00778560e+00 9.45553228e-01 -2.00778560e+00 1.99686540e-01 -1.63917140e+00 9.45553228e-01 -1.63917140e+00 -3.04022374e+01
1.77895683e+00 2.63714790e-02 4.02719162e-01 2.63714790e-02 -1.20162725e+00 -1.64323984e+00 4.02719162e-01 -1.64323984e+00 -2.94270420e+01
-1.83915559e+00 -6.17630046e-01 1.05542143e+00 -6.17630046e-01 -1.44018665e+00 9.14624870e-01 1.05542143e+00 9.14624870e-01 -3.26785693e+01
1.13295894e+00 -5.71126081e-01 4.37838018e+00 -5.71126081e-01 -2.19409055e+00 -1.50797030e+00 4.37838018e+00 -1.50797030e+00 -3.01103449e+01
-1.51891848e+00 -3.83919097e-01 8.50681495e-01 -3.83919097e-01 -8.58552982e-01 9.65869433e-01 8.50681495e-01 9.65869433e-01 -3.25467820e+01
9.97694537e-01 -2.10033499e-01 4.46402019e+00 -2.10033499e-01 -2.52677754e-01 -1.27403936e+00 4.46402019e+00 -1.27403936e+00 -2.78566580e+01
-5.86214150e-01 -2.44423564e-01 2.11841613e+00 -2.44423564e-01 -1.25774764e-01 -4.01884540e-01 2.11841613e+00 -4.01884540e-01 -3.05669606e+01
1.50542307e+00 1.57982200e+00 3.91395688e+00 1.57982200e+00 9.36772853e-01 -2.06345588e+00 3.91395688e+00 -2.06345588e+00 -2.62785006e+01
8.38652149e-01 1.31169096e+00 -8.35992992e-02 1.31169096e+00 7.08824813e-01 -1.85933846e+00 -8.35992992e-02 -1.85933846e+00 -2.80641465e+01
-3.10570032e+00 -1.29767228e+00 2.27071702e+00 -1.29767228e+00 3.50532652e+00 -1.54394162e+00 2.27071702e+00 -1.54394162e+00 -2.83636479e+01
-3.13317239e+00 -3.99591051e-01 3.81774789e+00 -3.99591051e-01 5.33788192e+00 -2.28156477e+00 3.81774789e+00 -2.28156477e+00 -2.49452081e+01
-4.56818524e+00 -1.02985965e+00 4.39866928e+00 -1.02985965e+00 -1.29627749e+00 -6.59394264e-03 4.39866928e+00 -6.59394264e-03 -3.57072664e+01
-6.64011924e+00 -1.36703240e+00 5.63103285e+00 -1.36703240e+00 -3.90575695e+00 -8.26442122e-02 5.63103285e+00 -8.26442122e-02 -3.96434074e+01
-5.29609585e+00 -1.58775747e-01 1.07194522e+00 -1.58775747e-01 -2.72484952e+00 1.77780777e+00 1.07194522e+00 1.77780777e+00 -3.84647579e+01
-5.12232310e+00 -1.74556859e-01 1.57491386e+00 -1.74556859e-01 -4.04716921e+00 3.32904726e+00 1.57491386e+00 3.32904726e+00 -3.94125547e+01
-3.72961581e+00 1.02378553e+00 -1.67501308e+00 1.02378553e+00 -4.18746799e+00 1.81559741e+00 -1.67501308e+00 1.81559741e+00 -3.78256321e+01
-1.39407402e+00 5.71914598e-01 5.72101590e+00 5.71914598e-01 3.68007248e+00 8.32836568e-01 5.72101590e+00 8.32836568e-01 -2.42806678e+01
-1.04566200e+00 7.43152320e-01 3.71174833e+00 7.43152320e-01 4.65235293e+00 -2.07173002e+00 3.71174833e+00 -2.07173002e+00 -2.43215375e+01
-4.26806343e+00 -1.10086572e+00 6.48720777e+00 -1.10086572e+00 1.82219203e+00 6.59263031e+00 6.48720777e+00 6.59263031e+00 -2.58104833e+01
-1.14830213e+01 -1.77952099e+00 2.10265160e-01 -1.77952099e+00 -5.44942379e-01 8.93446791e+00 2.10265160e-01 8.93446791e+00 -5.11311769e-01
2.44013716e+00 -6.34354445e-01 4.75700416e+00 -6.34354445e-01 1.02056196e+00 2.23160021e+00 4.75700416e+00 2.23160021e+00 -2.22399631e+01
2.52207643e+00 1.55464614e-01 3.16529393e+00 1.55464614e-01 1.91026011e+00 1.88015825e+00 3.16529393e+00 1.88015825e+00 -2.43719597e+01
3.14352146e+00 -3.46097476e+00 4.45375644e+00 -3.46097476e+00 3.98784398e+00 5.79669973e+00 4.45375644e+00 5.79669973e+00 -1.96799928e+01
-2.32152859e-01 9.79976811e-01 -1.04408613e+01 9.79976811e-01 3.01331564e+00 4.58524346e+00 -1.04408613e+01 4.58524346e+00 -1.26358374e+01
1.46019794e+00 -2.87140712e+00 9.63012673e-01 -2.87140712e+00 3.03398270e-01 2.86576248e+00 9.63012673e-01 2.86576248e+00 -2.63677504e+01
3.28451502e+00 -9.84054536e-01 1.42963134e+00 -9.84054536e-01 1.96508795e-01 3.25890118e+00 1.42963134e+00 3.25890118e+00 -2.59829292e+01
9.61630389e-01 -2.66891208e+00 8.67523858e-02 -2.66891208e+00 6.60597369e-01 2.11035113e+00 8.67523858e-02 2.11035113e+00 -2.64382222e+01
2.24414706e+00 -4.02767379e-02 -4.67492384e+00 -4.02767379e-02 1.59009871e+00 3.82204264e+00 -4.67492384e+00 3.82204264e+00 -2.63870754e+01
-1.19584412e+00 -4.63281786e-01 -2.28845716e+00 -4.63281786e-01 1.77656421e+00 -1.09612019e+00 -2.28845716e+00 -1.09612019e+00 -2.96105227e+01
8.86575162e-01 2.10961926e+00 1.11387217e+00 2.10961926e+00 6.21892702e-01 -1.50396895e+00 1.11387217e+00 -1.50396895e+00 -2.87039232e+01
-1.06153336e+00 -1.28373471e+00 1.42988841e+00 -1.28373471e+00 9.56623048e-01 -2.08871728e-01 1.42988841e+00 -2.08871728e-01 -3.11085238e+01
-3.79124749e+00 -6.39037728e-01 2.64553910e+00 -6.39037728e-01 -4.06677151e+00 5.82502294e+00 2.64553910e+00 5.82502294e+00 -3.74524555e+01
-4.40388806e-02 -3.32113191e-01 8.13332945e-03 -3.32113191e-01 1.25698116e-01 -2.69104689e-02 8.13332945e-03 -2.69104689e-02 -2.46424533e-01
-6.67259432e-02 -1.00558773e-01 -9.77523923e-02 -1.00558773e-01 2.64652997e-01 -9.28774439e-02 -9.77523923e-02 -9.28774439e-02 -3.62685686e-01
1.31312098e-01 -1.97407138e-02 1.87692285e-01 -1.97407138e-02 -4.67143953e-04 1.03363298e-01 1.87692285e-01 1.03363298e-01 -2.95610562e-01
6.47997111e-03 -2.51304939e-01 -6.77897707e-02 -2.51304939e-01 -2.86896221e-01 -1.29950136e-01 -6.77897707e-02 -1.29950136e-01 1.15649864e-01
6.80631295e-01 1.12679432e-03 2.16356957e+00 1.12679432e-03 6.84041888e-01 -1.12211776e+00 2.16356957e+00 -1.12211776e+00 -2.82922173e+01
8.93130958e-01 -2.19025664e-01 2.38749605e+00 -2.19025664e-01 -2.22685188e-01 -1.51531205e-01 2.38749605e+00 -1.51531205e-01 -2.89536419e+01
3.00092794e-01 -1.85043712e+00 2.78064770e+00 -1.85043712e+00 -2.37122336e-02 6.97040673e-01 2.78064770e+00 6.97040673e-01 -2.90238965e+01
-3.47673886e-01 -8.91349465e-02 2.41492525e+00 -8.91349465e-02 1.14456189e+00 -9.32041720e-01 2.41492525e+00 -9.32041720e-01 -2.87137141e+01
2.28944427e+00 -1.41556081e+00 3.64143753e+00 -1.41556081e+00 -2.51506466e+00 2.41244998e-01 3.64143753e+00 2.41244998e-01 -2.91985641e+01
6.15774323e-01 -2.69858405e+00 1.19134069e+00 -2.69858405e+00 -2.70556614e+00 2.40168236e-01 1.19134069e+00 2.40168236e-01 -3.14451737e+01
3.85633129e+00 -5.53103024e-03 1.41858611e+00 -5.53103024e-03 -4.51904488e+00 1.12529604e+00 1.41858611e+00 1.12529604e+00 -2.95176601e+01
1.45045916e-01 -1.43644417e+00 -1.10576792e+00 -1.43644417e+00 -3.81335372e+00 -1.30538090e+00 -1.10576792e+00 -1.30538090e+00 -3.31090310e+01
4.09217882e+00 -5.80070959e-02 -1.45897397e+00 -5.80070959e-02 -3.93696636e+00 -4.03714560e-01 -1.45897397e+00 -4.03714560e-01 -2.89564104e+01
-9.59266365e-01 6.88923445e-01 -3.39411217e-01 6.88923445e-01 -2.42854600e+00 -3.81276250e-01 -3.39411217e-01 -3.81276250e-01 -3.31325657e+01
2.85054913e+00 8.45923826e-01 7.04922169e-01 8.45923826e-01 -1.40133661e+00 -1.33447874e+00 7.04922169e-01 -1.33447874e+00 -2.81814494e+01
3.70174984e-01 8.35708790e-01 -1.39106981e-01 8.35708790e-01 -1.32772113e+00 2.22647522e-01 -1.39106981e-01 2.22647522e-01 -3.08889866e+01
3.77206957e+00 2.14006728e+00 1.51973784e+00 2.14006728e+00 -2.32213718e+00 -1.88165241e+00 1.51973784e+00 -1.88165241e+00 -2.75424862e+01
2.06516901e+00 9.96352214e-01 3.50068156e-01 9.96352214e-01 -1.13695815e+00 -1.06498812e+00 3.50068156e-01 -1.06498812e+00 -2.86651368e+01
-2.91513175e+00 -3.17222002e+00 5.71601528e+00 -3.17222002e+00 -2.34442949e-03 -1.63228050e+00 5.71601528e+00 -1.63228050e+00 -2.88386202e+01
-1.95241486e+00 -1.98106799e+00 3.94190890e+00 -1.98106799e+00 3.81589794e+00 -1.04486920e+00 3.94190890e+00 -1.04486920e+00 -2.65125237e+01
-2.20756715e+00 -8.98912289e-01 2.40922503e+00 -8.98912289e-01 -2.43313812e+00 -2.34345393e+00 2.40922503e+00 -2.34345393e+00 -3.52528330e+01
-6.43228312e+00 -1.33446157e+00 -7.61910429e+00 -1.33446157e+00 -8.54124594e+00 7.73593140e-01 -7.61910429e+00 7.73593140e-01 -4.23202023e+01
-5.31165940e+00 3.14108193e-01 -1.23120387e+00 3.14108193e-01 -4.40864691e+00 1.64039138e+00 -1.23120387e+00 1.64039138e+00 -4.05713797e+01
-1.96280026e+00 -5.83789669e-01 -1.00807711e+00 -5.83789669e-01 -2.13453026e+00 4.41746689e-01 -1.00807711e+00 4.41746689e-01 -3.42577324e+01
2.64442638e-01 1.17380157e-01 -7.33901143e-01 1.17380157e-01 -1.06761205e+00 4.21624817e-02 -7.33901143e-01 4.21624817e-02 -3.06679029e+01
-4.95283525e+00 -1.93953973e+00 6.76474816e+00 -1.93953973e+00 -7.95714442e-01 -8.43211481e-01 6.76474816e+00 -8.43211481e-01 -2.99322521e+01
-3.22100148e+00 -3.75404563e-01 6.07089734e+00 -3.75404563e-01 6.38544083e+00 4.20375651e+00 6.07089734e+00 4.20375651e+00 -2.29916539e+01
-1.02113053e+01 -2.74518371e+00 7.87300909e+00 -2.74518371e+00 -8.42879915e+00 -6.71476808e+00 7.87300909e+00 -6.71476808e+00 -4.51557207e+01
-3.05659520e+00 -9.10254768e-01 3.85898612e+00 -9.10254768e-01 3.67059653e+00 5.47018284e+00 3.85898612e+00 5.47018284e+00 -2.50559935e+01
-1.55420068e+00 -1.71606025e+00 7.24512982e+00 -1.71606025e+00 3.69832782e+00 3.69400203e+00 7.24512982e+00 3.69400203e+00 -2.09049587e+01
-9.85399306e+00 -3.94596040e-01 -1.15701056e+00 -3.94596040e-01 -1.38685650e+00 8.76782662e+00 -1.15701056e+00 8.76782662e+00 -2.47644877e+01
2.47278972e+00 1.52403478e+00 3.73148596e+00 1.52403478e+00 3.95287322e+00 1.60911548e+00 3.73148596e+00 1.60911548e+00 -2.38372210e+01
1.73374777e+00 2.72174644e+00 1.30459267e+00 2.72174644e+00 2.58476720e+00 -1.41703030e+00 1.30459267e+00 -1.41703030e+00 -2.33158684e+01
6.72105432e-01 -1.89153421e+00 -3.21863079e+00 -1.89153421e+00 3.50003856e+00 3.89258759e+00 -3.21863079e+00 3.89258759e+00 -2.61074881e+01
-1.03008490e+01 1.44516611e+01 -1.56643257e+01 1.44516611e+01 -1.16189289e+01 7.07776260e+00 -1.56643257e+01 7.07776260e+00 6.83689952e-01
-9.84205643e+00 3.36504992e+00 -1.25407499e+01 3.36504992e+00 -7.48562125e+00 5.40820249e+00 -1.25407499e+01 5.40820249e+00 -3.86445071e+01
-1.75827173e+00 2.49440551e+00 4.79855584e+00 2.49440551e+00 -4.44914967e-01 4.32184458e-01 4.79855584e+00 4.32184458e-01 -2.74048972e+01
-3.75253463e+00 -4.13868308e-01 3.26470470e+00 -4.13868308e-01 2.10370374e+00 3.90807760e+00 3.26470470e+00 3.90807760e+00 -2.89622087e+01
</DataArray>
<DataArray type="Float32" Name="Logarithmic_strain_components" NumberOfComponents="9" format="ascii">
5.79863263e-04 -5.70742031e-08 -8.65824248e-08 -5.70742031e-08 1.95195619e-03 -7.43575583e-08 -8.65824248e-08 -7.43575583e-08 -2.45403964e-03
6.69694971e-04 1.19368240e-04 -8.46683097e-08 1.19368240e-04 2.09204992e-03 4.21127534e-05 -8.46683097e-08 4.21127534e-05 -2.67402409e-03
7.43968048e-04 3.87494591e-04 -2.62447720e-04 3.87494591e-04 1.71361965e-03 -7.37002301e-05 -2.62447720e-04 -7.37002301e-05 -2.40570807e-03
6.83405291e-04 1.47412742e-04 -1.40927797e-04 1.47412742e-04 1.61712617e-03 -9.31358528e-08 -1.40927797e-04 -9.31358528e-08 -2.26540561e-03
6.24175853e-04 1.64060452e-07 2.03771626e-04 1.64060452e-07 1.81497243e-03 -2.12613035e-04 2.03771626e-04 -2.12613035e-04 -2.37505452e-03
7.10166976e-04 4.09590632e-06 2.44877097e-04 4.09590632e-06 1.84003881e-03 -2.80131025e-04 2.44877097e-04 -2.80131025e-04 -2.48575868e-03
7.21856726e-04 1.25892153e-04 1.27633565e-04 1.25892153e-04 1.62413935e-03 -2.27493427e-04 1.27633565e-04 -2.27493427e-04 -2.31438928e-03
6.25325789e-04 2.61201094e-05 1.04295135e-04 2.61201094e-05 1.59027011e-03 -1.71465705e-04 1.04295135e-04 -1.71465705e-04 -2.18826346e-03
8.89974384e-04 1.01699494e-04 1.02384980e-08 1.01699494e-04 2.46319792e-03 5.92608958e-05 1.02384980e-08 5.92608958e-05 -3.23710195e-03
8.48792726e-04 5.03329924e-04 -4.81577030e-04 5.03329924e-04 1.88882751e-03 -6.48923765e-06 -4.81577030e-04 -6.48923765e-06 -2.65239336e-03
9.13098396e-04 3.54224503e-05 5.48340846e-04 3.54224503e-05 1.93254161e-03 -2.98839022e-04 5.48340846e-04 -2.98839022e-04 -2.77186692e-03
9.58277778e-04 1.85810164e-04 1.70021187e-04 1.85810164e-04 1.81176697e-03 -3.02317172e-04 1.70021187e-04 -3.02317172e-04 -2.72082142e-03
1.13400019e-03 -3.84068044e-05 1.44852947e-08 -3.84068044e-05 2.80841533e-03 1.86099904e-04 1.44852947e-08 1.86099904e-04 -3.78105976e-03
1.05412706e-03 3.06815746e-04 -6.87115811e-04 3.06815746e-04 2.13025775e-03 1.43375604e-04 -6.87115811e-04 1.43375604e-04 -3.06100911e-03
1.23731044e-03 -8.03612402e-05 6.12725271e-04 -8.03612402e-05 2.10905485e-03 -7.07312724e-05 6.12725271e-04 -7.07312724e-05 -3.24138021e-03
1.19530944e-03 -6.84700112e-05 3.25177861e-04 -6.84700112e-05 1.95179283e-03 -2.25800868e-04 3.25177861e-04 -2.25800868e-04 -3.06722304e-03
1.50955550e-03 -2.71011944e-04 -1.69457053e-08 -2.71011944e-04 2.96654692e-03 2.90483906e-04 -1.69457053e-08 2.90483906e-04 -4.23708395e-03
1.45789050e-03 -3.61683860e-05 -8.98936632e-04 -3.61683860e-05 2.46342595e-03 2.93679128e-04 -8.98936632e-04 2.93679128e-04 -3.73633060e-03
1.68131592e-03 -2.67977295e-04 2.11605235e-04 -2.67977295e-04 2.28572264e-03 -9.60396787e-05 2.11605235e-04 -9.60396787e-05 -3.78721231e-03
1.45073577e-03 -3.22401093e-04 2.85552785e-04 -3.22401093e-04 1.95086091e-03 -1.52643155e-04 2.85552785e-04 -1.52643155e-04 -3.27716884e-03
2.15833128e-03 -7.15910690e-04 1.12375005e-07 -7.15910690e-04 3.37019784e-03 9.23895532e-05 1.12375005e-07 9.23895532e-05 -5.09333657e-03
1.88684705e-03 -1.82705648e-04 -1.15073303e-03 -1.82705648e-04 2.80706579e-03 3.81838981e-04 -1.15073303e-03 3.81838981e-04 -4.37603740e-03
1.98611949e-03 -4.26016093e-04 3.59228055e-04 -4.26016093e-04 2.54433230e-03 -4.39569347e-04 3.59228055e-04 -4.39569347e-04 -4.20256489e-03
1.84158706e-03 -4.86222929e-04 5.40819281e-04 -4.86222929e-04 2.18301822e-03 -1.61750523e-04 5.40819281e-04 -1.61750523e-04 -3.79624579e-03
2.14794092e-03 -1.52911677e-03 -6.72582701e-07 -1.52911677e-03 4.39540530e-03 -7.04004080e-04 -6.72582701e-07 -7.04004080e-04 -5.97030809e-03
2.04572565e-03 -7.60320050e-04 -1.80913485e-03 -7.60320050e-04 3.51534819e-03 6.15969911e-04 -1.80913485e-03 6.15969911e-04 -5.15451119e-03
1.89059938e-03 -2.08919751e-04 1.02073562e-04 -2.08919751e-04 3.12530447e-03 -1.03826151e-03 1.02073562e-04 -1.03826151e-03 -4.59548947e-03
1.91403361e-03 -5.77993153e-04 -2.88027222e-05 -5.77993153e-04 2.70750979e-03 -3.47111094e-04 -2.88027222e-05 -3.47111094e-04 -4.31818608e-03
7.86949677e-04 3.02906206e-04 -1.41868626e-04 3.02906206e-04 9.03456123e-04 -1.40662851e-04 -1.41868626e-04 -1.40662851e-04 -1.71873046e-03
8.21232039e-04 1.30862842e-04 -8.38691267e-05 1.30862842e-04 9.48322122e-04 7.33258503e-08 -8.38691267e-05 7.33258503e-08 -1.81510812e-03
7.48198923e-04 2.33707832e-04 3.60422080e-04 2.33707832e-04 1.07842718e-03 -9.47613789e-05 3.60422080e-04 -9.47613789e-05 -1.86222156e-03
6.56064396e-04 7.30777974e-05 2.55164905e-04 7.30777974e-05 1.01483623e-03 9.21266146e-05 2.55164905e-04 9.21266146e-05 -1.71860782e-03
7.17182120e-04 4.15288334e-04 -1.56890728e-04 4.15288334e-04 8.04138799e-04 -1.51081869e-04 -1.56890728e-04 -1.51081869e-04 -1.52252911e-03
7.57639256e-04 2.42804532e-04 4.45986685e-04 2.42804532e-04 1.08405828e-03 7.90242807e-05 4.45986685e-04 7.90242807e-05 -1.84276175e-03
6.15097895e-04 3.52341991e-04 -3.38652419e-04 3.52341991e-04 6.89498964e-04 -1.47341012e-04 -3.38652419e-04 -1.47341012e-04 -1.25665279e-03
8.00659227e-04 -1.30570066e-04 9.54245685e-04 -1.30570066e-04 1.12002042e-03 1.92096440e-04 9.54245685e-04 1.92096440e-04 -1.88185238e-03
7.09276581e-04 -3.33787830e-05 -7.73479987e-04 -3.33787830e-05 8.31282792e-04 1.83628134e-04 -7.73479987e-04 1.83628134e-04 -1.39635257e-03
1.01130246e-03 -4.34542388e-04 1.39599051e-03 -4.34542388e-04 1.34226076e-03 4.40239600e-04 1.39599051e-03 4.40239600e-04 -2.25864052e-03
6.59398072e-04 -2.04321448e-04 -8.36528794e-04 -2.04321448e-04 8.59855634e-04 3.98749500e-04 -8.36528794e-04 3.98749500e-04 -1.38723326e-03
1.03418267e-03 -4.77550793e-04 1.69584744e-03 -4.77550793e-04 1.48048873e-03 8.86693420e-04 1.69584744e-03 8.86693420e-04 -2.40867342e-03
7.29513253e-04 -7.32382388e-04 -8.90330179e-04 -7.32382388e-04 8.36489999e-04 9.81137971e-04 -8.90330179e-04 9.81137971e-04 -1.50162814e-03
1.11871517e-03 -1.04203362e-03 1.56588994e-03 -1.04203362e-03 1.84950033e-03 1.47832034e-03 1.56588994e-03 1.47832034e-03 -2.88129000e-03
7.30155953e-04 6.62052585e-05 1.42109852e-05 6.62052585e-05 3.41954132e-04 -1.38866446e-04 1.42109852e-05 -1.38866446e-04 -1.16986074e-03
8.42317007e-04 4.79632436e-05 4.08754768e-05 4.79632436e-05 4.40328251e-04 1.86886382e-08 4.08754768e-05 1.86886382e-08 -1.38916390e-03
6.99748336e-04 5.40741842e-05 3.89981904e-04 5.40741842e-05 5.04174313e-04 3.88993121e-05 3.89981904e-04 3.88993121e-05 -1.30145224e-03
6.58140838e-04 2.10715029e-05 3.27340651e-04 2.10715029e-05 4.70967090e-04 2.38808683e-04 3.27340651e-04 2.38808683e-04 -1.23811854e-03
5.28492106e-04 6.01030979e-05 -8.83371217e-06 6.01030979e-05 2.10343935e-04 -1.54679066e-04 -8.83371217e-06 -1.54679066e-04 -8.14303188e-04
4.81216892e-04 8.63084051e-06 4.02588626e-04 8.63084051e-06 2.79645710e-04 9.31484396e-05 4.02588626e-04 9.31484396e-05 -8.15320600e-04
