<VTKFile type="UnstructuredGrid" version="0.1" byte_order="LittleEndian">
<UnstructuredGrid>
<Piece NumberOfPoints="173" NumberOfCells="80">
<Points>
<DataArray type="Float64" NumberOfComponents="3" format="ascii">
 0.00000000e+00  0.00000000e+00  0.00000000e+00
 1.00012410e+00  0.00000000e+00  0.00000000e+00
 1.00015318e+00  1.00039804e+00  0.00000000e+00
 0.00000000e+00  1.00036705e+00  0.00000000e+00
 0.00000000e+00  0.00000000e+00  9.99223828e-01
 1.00012422e+00  0.00000000e+00  9.99173522e-01
 1.00012875e+00  1.00034988e+00  9.99235332e-01
 0.00000000e+00  1.00034332e+00  9.99255061e-01
 2.00027943e+00  0.00000000e+00  0.00000000e+00
 2.00031137e+00  1.00046921e+00  0.00000000e+00
 2.00028539e+00  0.00000000e+00  9.99050438e-01
 2.00029612e+00  1.00038016e+00  9.99208212e-01
 3.00047398e+00  0.00000000e+00  0.00000000e+00
 3.00048184e+00  1.00054574e+00  0.00000000e+00
 3.00051045e+00  0.00000000e+00  9.98948872e-01
 3.00050020e+00  1.00040543e+00  9.99123335e-01
 4.00072765e+00  0.00000000e+00  0.00000000e+00
 4.00069857e+00  1.00061142e+00  0.00000000e+00
 4.00079203e+00  0.00000000e+00  9.98880446e-01
 4.00075293e+00  1.00041115e+00  9.98960733e-01
 5.00111103e+00  0.00000000e+00  0.00000000e+00
 5.00100899e+00  1.00069630e+00  0.00000000e+00
 5.00114870e+00  0.00000000e+00  9.98708189e-01
 5.00108337e+00  1.00044990e+00  9.98808801e-01
 6.00170088e+00  0.00000000e+00  0.00000000e+00
 6.00141096e+00  1.00095117e+00  0.00000000e+00
 6.00156021e+00  0.00000000e+00  9.98611093e-01
 6.00149632e+00  1.00058722e+00  9.98654962e-01
 1.00019360e+00  2.00064659e+00  0.00000000e+00
 0.00000000e+00  2.00062323e+00  0.00000000e+00
 1.00015855e+00  2.00062156e+00  9.99387443e-01
 0.00000000e+00  2.00061059e+00  9.99331951e-01
 2.00036025e+00  2.00069308e+00  0.00000000e+00
 2.00031948e+00  2.00067425e+00  9.99455571e-01
 3.00052214e+00  2.00076771e+00  0.00000000e+00
 3.00044751e+00  2.00069475e+00  9.99565184e-01
 4.00065613e+00  2.00088859e+00  0.00000000e+00
 4.00066614e+00  2.00067115e+00  9.99581993e-01
 5.00079298e+00  2.00102758e+00  0.00000000e+00
 5.00087833e+00  2.00078273e+00  9.99548197e-01
 6.00090122e+00  2.00132132e+00  0.00000000e+00
 6.00110388e+00  2.00103569e+00  9.99457181e-01
 1.00019813e+00  3.00075412e+00  0.00000000e+00
 0.00000000e+00  3.00075722e+00  0.00000000e+00
 1.00016928e+00  3.00075746e+00  9.99494672e-01
 0.00000000e+00  3.00075936e+00  9.99430656e-01
 2.00036573e+00  3.00076509e+00  0.00000000e+00
 2.00033593e+00  3.00075531e+00  9.99613404e-01
 3.00051546e+00  3.00079703e+00  0.00000000e+00
 3.00044394e+00  3.00077438e+00  9.99847531e-01
 4.00057268e+00  3.00089574e+00  0.00000000e+00
 4.00050116e+00  3.00071931e+00  1.00010967e+00
 5.00060749e+00  3.00102997e+00  0.00000000e+00
 5.00061941e+00  3.00084138e+00  1.00011122e+00
 6.00061989e+00  3.00121212e+00  0.00000000e+00
 6.00066566e+00  3.00111723e+00  1.00003338e+00
 1.00018322e+00  4.00080776e+00  0.00000000e+00
 0.00000000e+00  4.00082064e+00  0.00000000e+00
 1.00016177e+00  4.00082588e+00  9.99523520e-01
 0.00000000e+00  4.00083685e+00  9.99493122e-01
 2.00034904e+00  4.00079155e+00  0.00000000e+00
 2.00031114e+00  4.00078106e+00  9.99641180e-01
 3.00047469e+00  4.00079155e+00  0.00000000e+00
 3.00038433e+00  4.00077486e+00  9.99846220e-01
 4.00048208e+00  4.00084448e+00  0.00000000e+00
 4.00042486e+00  4.00087452e+00  1.00003564e+00
 6.00045776e+00  4.00106001e+00  0.00000000e+00
 5.00047398e+00  4.00095177e+00  0.00000000e+00
 6.00047445e+00  4.00108814e+00  1.00000310e+00
 5.00047541e+00  4.00097466e+00  1.00001967e+00
 1.00016391e+00  5.00086403e+00  0.00000000e+00
 0.00000000e+00  5.00088549e+00  0.00000000e+00
 1.00014830e+00  5.00088835e+00  9.99501407e-01
 0.00000000e+00  5.00090456e+00  9.99477506e-01
 2.00032091e+00  5.00082493e+00  0.00000000e+00
 2.00027108e+00  5.00084162e+00  9.99552727e-01
 3.00043368e+00  5.00081873e+00  0.00000000e+00
 3.00034237e+00  5.00083399e+00  9.99750793e-01
 4.00043726e+00  5.00087118e+00  0.00000000e+00
 4.00037003e+00  5.00087738e+00  1.00002682e+00
 5.00038147e+00  5.00095892e+00  0.00000000e+00
 5.00039959e+00  5.00095844e+00  1.00000453e+00
 6.00039530e+00  5.00104380e+00  0.00000000e+00
 6.00039911e+00  5.00103903e+00  9.99989331e-01
 1.00017393e+00  6.00095415e+00  0.00000000e+00
 0.00000000e+00  6.00096989e+00  0.00000000e+00
 1.00015712e+00  6.00096846e+00  9.99442399e-01
 0.00000000e+00  6.00100136e+00  9.99425530e-01
 2.00032973e+00  6.00090456e+00  0.00000000e+00
 2.00027514e+00  6.00092745e+00  9.99467254e-01
 3.00042844e+00  6.00086737e+00  0.00000000e+00
 3.00033569e+00  6.00090313e+00  9.99680817e-01
 4.00040197e+00  6.00089645e+00  0.00000000e+00
 4.00032139e+00  6.00090170e+00  1.00003433e+00
 5.00032425e+00  6.00095081e+00  0.00000000e+00
 5.00033569e+00  6.00095749e+00  1.00001073e+00
 6.00031614e+00  6.00103903e+00  0.00000000e+00
 6.00032854e+00  6.00102997e+00  9.99997914e-01
 0.00000000e+00  0.00000000e+00  1.99849403e+00
 1.00015163e+00  0.00000000e+00  1.99844491e+00
 1.00011802e+00  1.00026488e+00  1.99850333e+00
 0.00000000e+00  1.00029910e+00  1.99856031e+00
 2.00035071e+00  0.00000000e+00  1.99833500e+00
 2.00029111e+00  1.00018132e+00  1.99831021e+00
 3.00060129e+00  0.00000000e+00  1.99814332e+00
 3.00059319e+00  1.00014591e+00  1.99817491e+00
 4.00093031e+00  0.00000000e+00  1.99789524e+00
 4.00091076e+00  1.00017524e+00  1.99814320e+00
 5.00125504e+00  0.00000000e+00  1.99769723e+00
 5.00124598e+00  1.00019193e+00  1.99794829e+00
 6.00149012e+00  0.00000000e+00  1.99758852e+00
 6.00156879e+00  1.00017500e+00  1.99778879e+00
 1.00004947e+00  2.00055194e+00  1.99867105e+00
 0.00000000e+00  2.00057030e+00  1.99875784e+00
 2.00022149e+00  2.00047445e+00  1.99879456e+00
 3.00048232e+00  2.00048256e+00  1.99877834e+00
 4.00087595e+00  2.00057817e+00  1.99826348e+00
 5.00122833e+00  2.00058651e+00  1.99823225e+00
 6.00167513e+00  2.00057554e+00  1.99802232e+00
 1.00007093e+00  3.00079203e+00  1.99890697e+00
 0.00000000e+00  3.00076437e+00  1.99895334e+00
 2.00013375e+00  3.00074959e+00  1.99928546e+00
 3.00009394e+00  3.00062156e+00  1.99996471e+00
 1.00012219e+00  4.00088215e+00  1.99906909e+00
 0.00000000e+00  4.00088358e+00  1.99900436e+00
 2.00020099e+00  4.00085735e+00  1.99930918e+00
 3.00025344e+00  4.00076532e+00  1.99963331e+00
 1.00010121e+00  5.00095034e+00  1.99900675e+00
 0.00000000e+00  5.00097227e+00  1.99896741e+00
 2.00019598e+00  5.00091362e+00  1.99914122e+00
 3.00029302e+00  5.00087690e+00  1.99923539e+00
 1.00007522e+00  6.00107908e+00  1.99886262e+00
 0.00000000e+00  6.00106239e+00  1.99889457e+00
 2.00015974e+00  6.00106096e+00  1.99891269e+00
 3.00026464e+00  6.00100422e+00  1.99903202e+00
 5.00042391e+00  5.00094366e+00  2.00000477e+00
 6.00042343e+00  5.00101566e+00  1.99997830e+00
 6.00035286e+00  6.00101662e+00  1.99999928e+00
 5.00034857e+00  6.00094700e+00  2.00002289e+00
 0.00000000e+00  0.00000000e+00  2.99774694e+00
 1.00022447e+00  0.00000000e+00  2.99769163e+00
 1.00019777e+00  1.00022995e+00  2.99780393e+00
 0.00000000e+00  1.00025547e+00  2.99787045e+00
 2.00048733e+00  0.00000000e+00  2.99753070e+00
 2.00042295e+00  1.00013649e+00  2.99766755e+00
 3.00077319e+00  0.00000000e+00  2.99736476e+00
 3.00076127e+00  1.00007010e+00  2.99740767e+00
 4.00109529e+00  0.00000000e+00  2.99721742e+00
 4.00109673e+00  1.00009561e+00  2.99712420e+00
 5.00136518e+00  0.00000000e+00  2.99704933e+00
 5.00139236e+00  1.00013649e+00  2.99703956e+00
 6.00155067e+00  0.00000000e+00  2.99695325e+00
 6.00161743e+00  1.00008810e+00  2.99697566e+00
 1.00008118e+00  2.00044346e+00  2.99803782e+00
 0.00000000e+00  2.00054502e+00  2.99810863e+00
 2.00029373e+00  2.00036049e+00  2.99744821e+00
 3.00061560e+00  2.00036144e+00  2.99701834e+00
 4.00114632e+00  2.00050354e+00  2.99726939e+00
 5.00146675e+00  2.00040913e+00  2.99707270e+00
 6.00172567e+00  2.00032043e+00  2.99707532e+00
 1.00003076e+00  3.00076103e+00  2.99852586e+00
 0.00000000e+00  3.00081062e+00  2.99829006e+00
 2.00023150e+00  3.00062537e+00  2.99798131e+00
 1.00004327e+00  4.00098610e+00  2.99866939e+00
 0.00000000e+00  4.00101900e+00  2.99849367e+00
 2.00013304e+00  4.00101948e+00  2.99913168e+00
 1.00007510e+00  5.00113010e+00  2.99850821e+00
 0.00000000e+00  5.00108051e+00  2.99852467e+00
 2.00010872e+00  5.00118399e+00  2.99858022e+00
 3.00005555e+00  4.00123453e+00  2.99963951e+00
 3.00026846e+00  5.00111294e+00  2.99880576e+00
 1.00003421e+00  6.00116587e+00  2.99839664e+00
 0.00000000e+00  6.00117683e+00  2.99831247e+00
</DataArray>
</Points>
<PointData Tensors="Stress_Components,Plastic_strain_components" Vevtors="Spatial_displacement,Reaction_force" Scalars="Equivalent_plastic_strain,Stress_Mises,Stress_Max_Principal,Stress_Mid_Principal,Stress_Min_Principal,Stress_Pressure,Stress_Tresca,Stress_Third_Invariant,Plastic_strain_Max_Principal,Plastic_strain_Min_Principal">
<DataArray type="Float32" Name="Stress_Components" NumberOfComponents="9" format="ascii">
-3.19026327e+00 2.05318630e-03 1.56438909e-04 2.05318630e-03 4.24558735e+00 5.18009067e-04 1.56438909e-04 5.18009067e-04 -2.78741550e+01
-3.34069252e+00 3.93161997e-01 1.70663767e-03 3.93161997e-01 4.20566058e+00 2.68632732e-02 1.70663767e-03 2.68632732e-02 -2.80752945e+01
-1.77629304e+00 1.28203374e+00 -7.24144697e-01 1.28203374e+00 3.41824931e+00 -3.49267542e-01 -7.24144697e-01 -3.49267542e-01 -2.75384345e+01
-1.73558325e+00 4.78744790e-01 -3.63413334e-01 4.78744790e-01 3.31399155e+00 -1.25132292e-03 -3.63413334e-01 -1.25132292e-03 -2.77785015e+01
-2.73182821e+00 -4.35173977e-04 4.98884261e-01 -4.35173977e-04 4.08638847e+00 -7.61900932e-01 4.98884261e-01 -7.61900932e-01 -2.76493912e+01
-2.63188148e+00 5.63638490e-02 9.29625198e-01 5.63638490e-02 3.70136946e+00 -1.05778551e+00 9.29625198e-01 -1.05778551e+00 -2.80026140e+01
-1.83386195e+00 5.16839454e-01 6.44135909e-01 5.16839454e-01 3.31554067e+00 -6.39607858e-01 6.44135909e-01 -6.39607858e-01 -2.78465395e+01
-2.05567488e+00 1.01440586e-01 3.35606042e-01 1.01440586e-01 3.67482871e+00 -3.37168686e-01 3.35606042e-01 -3.37168686e-01 -2.76321149e+01
-3.67307961e+00 3.48642528e-01 7.64964474e-03 3.48642528e-01 4.00977552e+00 1.31944165e-01 7.64964474e-03 1.31944165e-01 -2.87029324e+01
-1.71366121e+00 1.59759346e+00 -1.30641666e+00 1.59759346e+00 3.54840273e+00 -1.68609258e-01 -1.30641666e+00 -1.68609258e-01 -2.71630669e+01
-2.52479476e+00 1.37777917e-01 2.19231260e+00 1.37777917e-01 2.94663113e+00 -1.03241026e+00 2.19231260e+00 -1.03241026e+00 -2.88060975e+01
-1.67479558e+00 5.72138965e-01 8.66087683e-01 5.72138965e-01 2.73082237e+00 -9.34242327e-01 8.66087683e-01 -9.34242327e-01 -2.85218899e+01
-3.99964213e+00 2.69565387e-02 1.11817913e-02 2.69565387e-02 3.56585610e+00 4.62359622e-01 1.11817913e-02 4.62359622e-01 -2.96007128e+01
-1.59601954e+00 1.12905847e+00 -1.86216196e+00 1.12905847e+00 3.22989872e+00 3.52337465e-01 -1.86216196e+00 3.52337465e-01 -2.75069690e+01
-2.14280483e+00 -1.53533392e-01 2.21357447e+00 -1.53533392e-01 2.02317679e+00 -2.40313571e-01 2.21357447e+00 -2.40313571e-01 -2.97416224e+01
-1.41396029e+00 -2.13183097e-01 1.36849921e+00 -2.13183097e-01 1.84932666e+00 -8.84723043e-01 1.36849921e+00 -8.84723043e-01 -2.91460576e+01
-3.65857792e+00 -3.82066384e-01 8.67178058e-03 -3.82066384e-01 2.62862170e+00 6.94366544e-01 8.67178058e-03 6.94366544e-01 -3.05046406e+01
-1.47175479e+00 3.02741497e-01 -2.17587578e+00 3.02741497e-01 2.29203598e+00 7.00999945e-01 -2.17587578e+00 7.00999945e-01 -2.86173949e+01
-1.31042935e+00 -4.83596936e-01 9.69828770e-01 -4.83596936e-01 1.07105674e+00 -2.22680265e-01 9.69828770e-01 -2.22680265e-01 -3.02471342e+01
-8.32049549e-01 -5.46832899e-01 1.61014158e+00 -5.46832899e-01 5.35575934e-01 -5.84259659e-01 1.61014158e+00 -5.84259659e-01 -2.96318917e+01
-2.07930803e+00 -1.09970349e+00 1.27564203e-02 -1.09970349e+00 1.81573641e+00 2.70746060e-01 1.27564203e-02 2.70746060e-01 -3.00984583e+01
-9.05971363e-01 -7.78922029e-02 -2.32253605e+00 -7.78922029e-02 1.68376639e+00 7.52202883e-01 -2.32253605e+00 7.52202883e-01 -2.88044319e+01
-4.81056815e-01 -7.52155334e-01 1.08880199e+00 -7.52155334e-01 1.10137762e+00 -7.37343994e-01 1.08880199e+00 -7.37343994e-01 -2.93076835e+01
-5.44028291e-01 -6.46609068e-01 1.88185038e+00 -6.46609068e-01 9.16073695e-02 -3.71547802e-01 1.88185038e+00 -3.71547802e-01 -2.96800888e+01
-3.01626658e+00 -2.40116143e+00 1.08439755e-02 -2.40116143e+00 2.92203832e+00 -1.12011123e+00 1.08439755e-02 -1.12011123e+00 -2.93478069e+01
-1.79403311e+00 -1.45691790e+00 -3.07844770e+00 -1.45691790e+00 1.91904205e+00 7.43370384e-01 -3.07844770e+00 7.43370384e-01 -2.88351259e+01
-1.33592147e+00 -6.68472141e-01 4.15470392e-01 -6.68472141e-01 2.42110109e+00 -2.00104481e+00 4.15470392e-01 -2.00104481e+00 -2.86352024e+01
-1.38560398e+00 -1.11165226e+00 3.12984049e-01 -1.11165226e+00 1.05743547e+00 -8.31934109e-01 3.12984049e-01 -8.31934109e-01 -2.95822363e+01
1.60161357e+00 1.02177611e+00 -4.59161326e-01 1.02177611e+00 1.53623366e+00 -6.26637965e-01 -4.59161326e-01 -6.26637965e-01 -2.63951349e+01
1.16783034e+00 4.09269869e-01 -2.02188909e-01 4.09269869e-01 1.26067322e+00 4.08070488e-03 -2.02188909e-01 4.08070488e-03 -2.73346624e+01
4.39238433e-01 8.62802308e-01 1.41011140e+00 8.62802308e-01 1.99787007e+00 -1.67186540e-01 1.41011140e+00 -1.67186540e-01 -2.69759057e+01
2.72387087e-01 1.96272891e-01 1.10384916e+00 1.96272891e-01 2.06066748e+00 9.68513399e-01 1.10384916e+00 9.68513399e-01 -2.73625684e+01
3.18614721e+00 1.70544931e+00 -3.69279571e-01 1.70544931e+00 2.39037500e+00 -7.87232146e-01 -3.69279571e-01 -7.87232146e-01 -2.50504689e+01
1.63600536e+00 9.88860235e-01 1.76656980e+00 9.88860235e-01 3.00516068e+00 3.75095723e-01 1.76656980e+00 3.75095723e-01 -2.56157739e+01
3.77196795e+00 2.31832814e+00 -1.45689154e+00 2.31832814e+00 2.79292996e+00 -1.47339684e+00 -1.45689154e+00 -1.47339684e+00 -2.11454654e+01
2.18815800e+00 -5.70977326e-01 4.53705117e+00 -5.70977326e-01 2.97634393e+00 6.46178484e-01 4.53705117e+00 6.46178484e-01 -2.43480612e+01
4.29148134e+00 1.28155668e+00 -4.28945935e+00 1.28155668e+00 4.24011260e+00 2.36191113e-01 -4.28945935e+00 2.36191113e-01 -1.93818145e+01
2.50623435e+00 -1.26073186e+00 6.52020280e+00 -1.26073186e+00 1.19869951e+00 8.52900306e-01 6.52020280e+00 8.52900306e-01 -2.46561931e+01
3.59660158e+00 2.48170421e-01 -4.60762143e+00 2.48170421e-01 4.55041087e+00 1.64527515e+00 -4.60762143e+00 1.64527515e+00 -2.01037612e+01
1.59026310e+00 -8.27297375e-01 6.81611800e+00 -8.27297375e-01 1.56507663e+00 1.45928224e+00 6.81611800e+00 1.45928224e+00 -2.54132992e+01
3.60144639e+00 -1.64562598e+00 -5.05064631e+00 -1.64562598e+00 2.87322448e+00 3.63043380e+00 -5.05064631e+00 3.63043380e+00 -2.11000433e+01
6.70604308e-01 -2.52175681e+00 5.39740324e+00 -2.52175681e+00 2.52724076e+00 3.02810585e+00 5.39740324e+00 3.02810585e+00 -2.71339404e+01
4.08456147e+00 -1.70871923e-02 6.62745563e-02 -1.70871923e-02 -2.18559911e-01 -6.07513160e-01 6.62745563e-02 -6.07513160e-01 -2.50530815e+01
3.65126741e+00 -6.13297038e-02 3.59476712e-02 -6.13297038e-02 -2.83633083e-01 4.01520915e-03 3.59476712e-02 4.01520915e-03 -2.66001549e+01
3.43651459e+00 -1.45825744e-03 1.76934624e+00 -1.45825744e-03 7.53414294e-01 5.94990872e-01 1.76934624e+00 5.94990872e-01 -2.60210981e+01
2.45257506e+00 -3.73610128e-02 1.73466206e+00 -3.73610128e-02 1.32517120e-01 1.31341311e+00 1.73466206e+00 1.31341311e+00 -2.61479197e+01
3.58529937e+00 3.29118591e-01 -2.02549398e-01 3.29118591e-01 -9.64806248e-01 -6.19716868e-01 -2.02549398e-01 -6.19716868e-01 -1.90536914e+01
3.05983320e+00 9.08317352e-02 1.82431605e+00 9.08317352e-02 -4.28328514e-01 1.29479551e+00 1.82431605e+00 1.29479551e+00 -1.81474313e+01
2.35351920e+00 8.67710937e-01 -4.72763725e-01 8.67710937e-01 -1.45312735e+00 -1.48861235e+00 -4.72763725e-01 -1.48861235e+00 -8.30882859e+00
2.77314991e-01 -8.81614203e-01 1.79728112e+00 -8.81614203e-01 -1.79112005e+00 1.74484601e+00 1.79728112e+00 1.74484601e+00 -6.42134793e+00
-4.18311318e-01 5.15229652e-01 -3.67889865e+00 5.15229652e-01 -3.00746425e+00 -1.49531289e+00 -3.67889865e+00 -1.49531289e+00 2.07217584e+00
-9.89465773e-01 -2.74089128e+00 3.13552713e+00 -2.74089128e+00 -7.21220255e-01 2.15427097e+00 3.13552713e+00 2.15427097e+00 3.57078254e-01
-1.51381262e+00 -4.30575907e-02 -3.92628376e+00 -4.30575907e-02 -3.35840233e+00 2.39879111e-01 -3.92628376e+00 2.39879111e-01 2.29583389e+00
-1.61198187e+00 7.89376497e-02 3.25724475e+00 7.89376497e-02 -1.05703545e+00 -8.31383437e-01 3.25724475e+00 -8.31383437e-01 9.26195383e-02
5.00747144e-01 -8.25473577e-01 -1.97411990e+00 -8.25473577e-01 -5.44168282e+00 9.53557700e-01 -1.97411990e+00 9.53557700e-01 1.38712612e+00
-7.24943340e-01 -8.13931525e-01 3.71250594e+00 -8.13931525e-01 -1.56418705e+00 -6.69258714e-01 3.71250594e+00 -6.69258714e-01 -1.26470697e+00
3.65071613e+00 -6.58582985e-01 3.76393497e-01 -6.58582985e-01 -1.32865637e+00 -4.44998324e-01 3.76393497e-01 -4.44998324e-01 -2.34618349e+01
3.72490501e+00 -2.66367018e-01 3.39837387e-01 -2.66367018e-01 -1.25552297e+00 6.06700778e-05 3.39837387e-01 6.06700778e-05 -2.51528559e+01
2.70060870e+00 -8.00833926e-01 8.44868908e-01 -8.00833926e-01 -1.05711303e+00 9.07551562e-01 8.44868908e-01 9.07551562e-01 -2.31764297e+01
2.70644891e+00 -2.28097048e-01 1.14268835e+00 -2.28097048e-01 -1.01704764e+00 6.34273514e-01 1.14268835e+00 6.34273514e-01 -2.48006964e+01
3.28502965e+00 -6.35442466e-01 -2.21115503e-01 -6.35442466e-01 -1.54485571e+00 -7.91195869e-01 -2.21115503e-01 -7.91195869e-01 -1.77418964e+01
1.90852910e+00 -1.21078201e+00 5.35814613e-02 -1.21078201e+00 -9.28741999e-01 1.82042654e+00 5.35814613e-02 1.82042654e+00 -1.71221128e+01
1.67708738e+00 -3.02146159e-01 -3.57072830e-01 -3.02146159e-01 -6.36923641e-01 -1.88183105e+00 -3.57072830e-01 -1.88183105e+00 -7.49870634e+00
9.31273644e-01 -4.53412046e-01 -1.31016918e+00 -4.53412046e-01 -4.20918763e-01 2.00127246e+00 -1.31016918e+00 2.00127246e+00 -8.89231388e+00
-2.67006586e-01 2.27130890e-01 6.29239400e-01 2.27130890e-01 -3.21850459e-01 -1.19262548e+00 6.29239400e-01 -1.19262548e+00 1.13102890e+00
1.53811038e-01 7.93777893e-01 -6.45023584e-03 7.93777893e-01 5.70017596e-01 1.32778569e+00 -6.45023584e-03 1.32778569e+00 -1.81656599e-01
7.56535649e-01 -7.73704052e-02 5.81182659e-01 -7.73704052e-02 -2.08430868e+00 3.42364177e-01 5.81182659e-01 3.42364177e-01 1.55244355e+00
-1.33946836e-02 4.06952004e-02 4.82956588e-01 4.06952004e-02 -3.41849834e-01 2.97656811e-02 4.82956588e-01 2.97656811e-02 1.36464309e+00
5.48762821e-01 -4.14705902e-01 1.22599758e-01 -4.14705902e-01 -1.04344781e+00 -3.49942863e-03 1.22599758e-01 -3.49942863e-03 7.19363287e-01
4.52933908e-02 2.17252870e-01 -3.63141720e-01 2.17252870e-01 7.72414446e-01 -3.11525732e-01 -3.63141720e-01 -3.11525732e-01 1.91688369e-01
2.76260912e+00 -7.28916492e-01 5.04331961e-01 -7.28916492e-01 -8.78405072e-01 -3.26034680e-01 5.04331961e-01 -3.26034680e-01 -2.46899495e+01
2.99749708e+00 -4.51510608e-01 3.94550472e-01 -4.51510608e-01 -7.40342736e-01 -1.85670564e-04 3.94550472e-01 -1.85670564e-04 -2.57325354e+01
1.92745933e+00 -7.01816177e-01 5.29940329e-02 -7.01816177e-01 -7.51883302e-01 1.30781053e-01 5.29940329e-02 1.30781053e-01 -2.44149783e+01
2.13869527e+00 -3.39073874e-01 1.99749805e-01 -3.39073874e-01 -6.19673202e-01 4.98298369e-01 1.99749805e-01 4.98298369e-01 -2.55888615e+01
2.76734629e+00 -6.70562606e-01 3.53294097e-01 -6.70562606e-01 -4.97818373e-01 -1.03803194e+00 3.53294097e-01 -1.03803194e+00 -2.14912052e+01
5.87694382e-01 -9.37110823e-01 -8.85547593e-01 -9.37110823e-01 -4.03423911e-01 1.29822682e+00 -8.85547593e-01 1.29822682e+00 -2.13486736e+01
9.70144771e-01 1.82133168e-03 3.16897266e-01 1.82133168e-03 1.19862586e-01 -1.90347320e+00 3.16897266e-01 -1.90347320e+00 -1.18390396e+01
3.70001689e-01 -3.10784135e-01 -1.21639892e+00 -3.10784135e-01 6.86503882e-01 3.05885553e+00 -1.21639892e+00 3.05885553e+00 -1.60634793e+01
-2.05621198e+00 6.23689108e-01 1.28928486e-01 6.23689108e-01 1.18033990e-01 -1.40716133e+00 1.28928486e-01 -1.40716133e+00 1.47966623e-01
-3.63990471e-01 2.20568044e-01 1.15448119e-01 2.20568044e-01 -9.88846969e-01 1.23559269e+00 1.15448119e-01 1.23559269e+00 -4.37378086e-01
-5.22334799e-01 2.37758698e-01 -6.10732043e-03 2.37758698e-01 3.33741322e-01 3.74715641e-01 -6.10732043e-03 3.74715641e-01 5.41367875e-01
4.60315973e-01 2.51069058e-01 -1.16519898e-01 2.51069058e-01 -3.30745743e-01 2.50695616e-02 -1.16519898e-01 2.50695616e-02 1.23392923e-01
3.89078289e-01 2.90177442e-01 -1.00166194e-01 2.90177442e-01 -6.29136428e-01 8.25649686e-02 -1.00166194e-01 8.25649686e-02 -6.31073743e-01
2.44982287e-01 1.64340243e-01 -2.03537382e-01 1.64340243e-01 -6.77567288e-01 -9.46630637e-02 -2.03537382e-01 -9.46630637e-02 -1.96931356e-01
3.11570680e+00 -4.73896604e-01 3.03198785e-01 -4.73896604e-01 -1.32625401e-02 -3.51193905e-01 3.03198785e-01 -3.51193905e-01 -2.71037149e+01
3.18665171e+00 -3.19739014e-01 6.41527116e-01 -3.19739014e-01 -4.43337798e-01 1.42266415e-03 6.41527116e-01 1.42266415e-03 -2.70934429e+01
2.42031911e+00 -5.87905809e-01 7.28705972e-02 -5.87905809e-01 3.19984630e-02 -5.92700363e-01 7.28705972e-02 -5.92700363e-01 -2.70464683e+01
2.27392375e+00 -6.77845597e-01 -1.11359611e-01 -6.77845597e-01 -2.17215613e-01 3.48981798e-01 -1.11359611e-01 3.48981798e-01 -2.70787010e+01
2.64003098e+00 -7.20077097e-01 4.75494340e-01 -7.20077097e-01 6.59899533e-01 -1.13644594e+00 4.75494340e-01 -1.13644594e+00 -2.48652010e+01
8.26156020e-01 -5.97170040e-01 -1.51919752e-01 -5.97170040e-01 6.68510545e-01 7.12889344e-01 -1.51919752e-01 7.12889344e-01 -2.55436110e+01
3.42212707e-01 -1.90968424e-01 7.43354648e-01 -1.90968424e-01 8.61234486e-01 -1.92951721e+00 7.43354648e-01 -1.92951721e+00 -1.44605098e+01
-1.00062867e-01 -4.83290181e-01 -2.64595528e-01 -4.83290181e-01 1.29172824e+00 3.64482530e+00 -2.64595528e-01 3.64482530e+00 -1.95152124e+01
-3.39513755e+00 1.26084082e-01 1.08278833e-01 1.26084082e-01 -1.67614639e-01 -1.67606741e+00 1.08278833e-01 -1.67606741e+00 2.06048489e-01
-1.93562452e+00 -4.45159927e-01 2.64574528e-01 -4.45159927e-01 -9.18478869e-01 1.76030898e+00 2.64574528e-01 1.76030898e+00 -5.02611279e-01
-1.20409676e+00 2.89151050e-01 1.38548754e-01 2.89151050e-01 2.37258956e-01 2.39797145e-01 1.38548754e-01 2.39797145e-01 1.02306588e+00
-1.46257460e-01 6.51005954e-02 1.47319006e-01 6.51005954e-02 -1.91554755e-01 -9.15410132e-02 1.47319006e-01 -9.15410132e-02 3.26536059e-01
-2.83315957e-01 1.89061493e-01 -1.87877715e-01 1.89061493e-01 -1.43478036e-01 2.51900882e-01 -1.87877715e-01 2.51900882e-01 -3.52716967e-02
-1.79941118e-01 3.19702979e-02 -5.20517705e-02 3.19702979e-02 -2.39774972e-01 1.15348761e-01 -5.20517705e-02 1.15348761e-01 1.15540947e-01
-1.52018368e+00 5.17993281e-03 1.05332673e+00 5.17993281e-03 3.11252677e+00 -7.72779077e-01 1.05332673e+00 -7.72779077e-01 -2.78264923e+01
-7.77227700e-01 -5.15963331e-01 9.59919751e-01 -5.15963331e-01 2.13718724e+00 -4.51555334e-01 9.59919751e-01 -4.51555334e-01 -2.83468976e+01
-1.75577043e+00 -1.74352537e+00 8.98490999e-01 -1.74352537e+00 2.49075881e+00 -1.40905422e+00 8.98490999e-01 -1.40905422e+00 -2.84083245e+01
-1.96574634e+00 -5.49409539e-01 1.45321602e+00 -5.49409539e-01 3.49487305e+00 -9.18526888e-01 1.45321602e+00 -9.18526888e-01 -2.75526981e+01
9.85612869e-01 -9.22995776e-01 -3.71451370e-01 -9.22995776e-01 -1.94079675e-01 -7.96273150e-01 -3.71451370e-01 -7.96273150e-01 -2.92220716e+01
-7.83048358e-01 -1.86952689e+00 1.67207646e+00 -1.86952689e+00 -6.31644603e-01 -1.38745359e+00 1.67207646e+00 -1.38745359e+00 -3.03135431e+01
1.99237970e+00 -1.29411625e-01 5.03821768e-01 -1.29411625e-01 -2.17006361e+00 -1.32112736e+00 5.03821768e-01 -1.32112736e+00 -3.00342803e+01
-2.97315538e-01 -8.30781743e-01 1.93467444e+00 -8.30781743e-01 -2.00481281e+00 6.32743753e-01 1.93467444e+00 6.32743753e-01 -3.16920273e+01
1.66062948e+00 -3.01191270e-01 3.62646061e+00 -3.01191270e-01 -2.51642928e+00 -1.05361967e+00 3.62646061e+00 -1.05361967e+00 -3.00542374e+01
-4.39227227e-01 -8.09127628e-02 3.98890421e-01 -8.09127628e-02 -1.32083570e+00 7.04894876e-01 3.98890421e-01 7.04894876e-01 -3.19719875e+01
1.11901154e+00 -1.51711963e-01 3.72665113e+00 -1.51711963e-01 -1.28826495e+00 -7.19922549e-01 3.72665113e+00 -7.19922549e-01 -2.92640224e+01
-1.60523929e-01 -1.84854272e-01 1.56578204e+00 -1.84854272e-01 -1.05021536e+00 -3.20646874e-01 1.56578204e+00 -3.20646874e-01 -3.12315679e+01
1.01095590e+00 1.14236119e+00 3.06161809e+00 1.14236119e+00 -6.14760801e-01 -1.61067355e+00 3.06161809e+00 -1.61067355e+00 -2.89362316e+01
1.39718920e-01 1.03799167e+00 -3.33396018e-01 1.03799167e+00 -7.89223932e-01 -1.43173447e+00 -3.33396018e-01 -1.43173447e+00 -3.05281076e+01
-2.33020175e+00 -1.23350585e+00 2.01756087e+00 -1.23350585e+00 2.83061132e+00 -4.35338432e-01 2.01756087e+00 -4.35338432e-01 -2.87779150e+01
-2.49780357e+00 -3.48915793e-01 2.99305016e+00 -3.48915793e-01 4.19469392e+00 -1.62464774e+00 2.99305016e+00 -1.62464774e+00 -2.66045113e+01
-1.97964638e+00 -1.59796703e+00 4.32789033e+00 -1.59796703e+00 7.27954251e-02 2.35193659e-01 4.32789033e+00 2.35193659e-01 -3.13410936e+01
-2.19942269e+00 -1.37393392e+00 5.69626851e+00 -1.37393392e+00 -2.12957872e+00 -1.51655200e+00 5.69626851e+00 -1.51655200e+00 -3.22699539e+01
-2.44226265e+00 1.32716767e-01 5.75124070e-01 1.32716767e-01 -1.52823211e+00 3.52773070e-02 5.75124070e-01 3.52773070e-02 -3.43971825e+01
-2.05470826e+00 -1.91498145e-01 1.12804422e+00 -1.91498145e-01 -2.06408007e+00 2.09788296e+00 1.12804422e+00 2.09788296e+00 -3.43547993e+01
-1.29031700e+00 1.07323748e+00 -1.35361212e+00 1.07323748e+00 -2.36018854e+00 1.10251099e+00 -1.35361212e+00 1.10251099e+00 -3.35991373e+01
-1.21416251e+00 5.42903384e-01 4.20839241e+00 5.42903384e-01 2.90085578e+00 2.06899185e+00 4.20839241e+00 2.06899185e+00 -2.56342010e+01
-4.82978523e-01 5.35594158e-01 2.92850253e+00 5.35594158e-01 2.95154765e+00 -9.03596237e-01 2.92850253e+00 -9.03596237e-01 -2.59298711e+01
-2.74968574e+00 -1.60027096e+00 3.83044414e+00 -1.60027096e+00 3.01797860e+00 6.03325498e+00 3.83044414e+00 6.03325498e+00 -2.25802709e+01
-7.27996349e+00 -4.08376813e+00 3.87594366e+00 -4.08376813e+00 -6.86137378e-01 6.06615186e+00 3.87594366e+00 6.06615186e+00 -2.20401424e+00
2.40441355e-01 4.65505607e-02 2.59625699e+00 4.65505607e-02 -7.16933369e-01 1.88895932e+00 2.59625699e+00 1.88895932e+00 -2.13278174e+01
1.26563531e+00 -2.12556822e-02 2.08877710e+00 -2.12556822e-02 5.41584408e-01 1.36016652e+00 2.08877710e+00 1.36016652e+00 -2.49213672e+01
-6.13837370e-01 -5.64178075e-01 1.04378769e+00 -5.64178075e-01 1.20158319e-01 4.18501908e+00 1.04378769e+00 4.18501908e+00 -1.61480022e+01
-2.67607348e+00 -2.62338559e-01 -4.70160004e+00 -2.62338559e-01 2.24756976e-01 3.56355429e+00 -4.70160004e+00 3.56355429e+00 -1.06898365e+01
-7.23818690e-03 -1.09989301e+00 3.68487464e-01 -1.09989301e+00 7.50580058e-03 1.04980609e+00 3.68487464e-01 1.04980609e+00 -2.47778897e+01
-2.61931074e-01 -4.63580288e-01 6.90590261e-01 -4.63580288e-01 -7.47730091e-01 8.19486976e-01 6.90590261e-01 8.19486976e-01 -2.43377008e+01
2.99900562e-01 -1.21665175e+00 -5.54424457e-01 -1.21665175e+00 5.35110377e-01 6.87668075e-01 -5.54424457e-01 6.87668075e-01 -2.39748313e+01
9.54303518e-01 -6.08804538e-01 -3.52124630e+00 -6.08804538e-01 2.10839652e+00 1.32269236e+00 -3.52124630e+00 1.32269236e+00 -2.46217265e+01
-1.54185089e+00 -5.61039545e-01 -9.44721043e-01 -5.61039545e-01 5.07030055e-01 -1.09207165e+00 -9.44721043e-01 -1.09207165e+00 -2.67182827e+01
-4.25162464e-01 3.44246462e-01 3.12293559e-01 3.44246462e-01 1.94915660e-01 -6.66111380e-01 3.12293559e-01 -6.66111380e-01 -2.67563677e+01
-3.68538689e-01 -1.40017357e+00 -1.91497982e-01 -1.40017357e+00 1.59042902e+00 -1.02011744e+00 -1.91497982e-01 -1.02011744e+00 -2.94743810e+01
-3.91891748e-01 -1.08916542e+00 1.69255304e+00 -1.08916542e+00 5.40196896e-02 2.93260995e+00 1.69255304e+00 2.93260995e+00 -3.10275011e+01
-6.22511050e-02 -6.31842054e-02 -1.74541809e-02 -6.31842054e-02 8.70819204e-02 6.56282529e-04 -1.74541809e-02 6.56282529e-04 -7.75646195e-02
4.75635454e-02 3.20655201e-02 1.05058216e-03 3.20655201e-02 1.12943765e-01 -1.23857027e-02 1.05058216e-03 -1.23857027e-02 -2.13241888e-01
7.99510507e-02 -9.90913948e-03 6.64517339e-02 -9.90913948e-03 -4.51716708e-02 1.30785648e-02 6.64517339e-02 1.30785648e-02 -8.75136890e-02
-6.71969140e-02 -1.05159946e-01 -7.50230998e-03 -1.05159946e-01 -1.08360781e-01 -5.24160229e-02 -7.50230998e-03 -5.24160229e-02 1.22822747e-01
-1.18973345e-01 1.64935860e-03 1.89755368e+00 1.64935860e-03 7.72407964e-01 -8.44049662e-01 1.89755368e+00 -8.44049662e-01 -2.90815945e+01
3.59315578e-01 -3.87332611e-01 1.73765156e+00 -3.87332611e-01 -6.77511413e-02 -1.86370648e-01 1.73765156e+00 -1.86370648e-01 -2.94990788e+01
-9.97112384e-02 -1.94097812e+00 2.24931152e+00 -1.94097812e+00 1.87195216e-01 1.67307623e-01 2.24931152e+00 1.67307623e-01 -2.94521320e+01
-6.95490439e-01 -3.58167492e-01 2.07421058e+00 -3.58167492e-01 1.44150716e+00 -1.01410128e+00 2.07421058e+00 -1.01410128e+00 -2.88165221e+01
1.90369549e+00 -9.95601267e-01 2.19084793e+00 -9.95601267e-01 -2.34333256e+00 -3.81257087e-02 2.19084793e+00 -3.81257087e-02 -2.99654455e+01
5.28750135e-01 -2.61762746e+00 -2.90457532e-01 -2.61762746e+00 -2.48440081e+00 -2.59705920e-01 -2.90457532e-01 -2.59705920e-01 -3.13936076e+01
3.17560911e+00 -1.86678983e-01 7.40871713e-01 -1.86678983e-01 -4.26489103e+00 4.94489711e-01 7.40871713e-01 4.94489711e-01 -3.03301048e+01
7.06628151e-01 -1.35980263e+00 -1.89997526e+00 -1.35980263e+00 -3.84198728e+00 -1.16464864e+00 -1.89997526e+00 -1.16464864e+00 -3.24668245e+01
2.81976479e+00 2.89448162e-02 -1.51906741e+00 2.89448162e-02 -3.83474725e+00 -6.50761803e-02 -1.51906741e+00 -6.50761803e-02 -3.04360251e+01
-1.51949123e-01 7.73289599e-01 2.11263821e-01 7.73289599e-01 -2.07011393e+00 -2.50511408e-01 2.11263821e-01 -2.50511408e-01 -3.22091796e+01
1.37780811e+00 4.90869179e-01 -1.56306369e-01 4.90869179e-01 -1.93962711e+00 -5.61057556e-01 -1.56306369e-01 -5.61057556e-01 -3.05311084e+01
2.46568721e-01 6.22475311e-01 -3.09380826e-01 6.22475311e-01 -1.41746648e+00 4.80503488e-01 -3.09380826e-01 4.80503488e-01 -3.11528404e+01
1.62896520e+00 1.30729949e+00 4.53005835e-01 1.30729949e+00 -2.29816055e+00 -8.62561345e-01 4.53005835e-01 -8.62561345e-01 -3.04556694e+01
7.65694900e-01 6.11009099e-01 2.35586092e-01 6.11009099e-01 -1.40739278e+00 -3.67463812e-01 2.35586092e-01 -3.67463812e-01 -3.05654349e+01
-2.99020836e+00 -2.66545832e+00 5.00187711e+00 -2.66545832e+00 4.81053740e-01 -2.76847818e+00 5.00187711e+00 -2.76847818e+00 -2.88075769e+01
-2.49149558e+00 -1.63090086e+00 3.22861052e+00 -1.63090086e+00 3.70995826e+00 -1.18702444e+00 3.22861052e+00 -1.18702444e+00 -2.73805132e+01
-1.56380109e+00 -1.94193777e+00 1.72312895e+00 -1.94193777e+00 -1.81811066e+00 -3.23414057e+00 1.72312895e+00 -3.23414057e+00 -3.32956042e+01
-2.19343468e+00 -1.61342186e+00 -7.26813350e+00 -1.61342186e+00 -5.43330317e+00 1.24189942e+00 -7.26813350e+00 1.24189942e+00 -3.41983078e+01
-2.06110242e+00 6.63572684e-01 -8.25654119e-02 6.63572684e-01 -2.30756266e+00 1.83679265e+00 -8.25654119e-02 1.83679265e+00 -3.47375097e+01
-5.97607255e-01 -2.91464381e-01 -7.50353411e-01 -2.91464381e-01 -1.01202642e+00 4.37305853e-01 -7.50353411e-01 4.37305853e-01 -3.16732163e+01
4.50810026e-02 2.85183817e-01 -6.02707744e-01 2.85183817e-01 -7.02513278e-01 6.83048308e-01 -6.02707744e-01 6.83048308e-01 -3.06566563e+01
-4.09598242e+00 -1.77635391e+00 5.81569311e+00 -1.77635391e+00 1.12463917e+00 -1.55478924e+00 5.81569311e+00 -1.55478924e+00 -2.77298268e+01
-3.26221040e+00 -9.62789893e-01 4.71547407e+00 -9.62789893e-01 4.94272673e+00 4.49587578e+00 4.71547407e+00 4.49587578e+00 -2.59534464e+01
-4.92674762e+00 -1.96631503e+00 7.00933266e+00 -1.96631503e+00 -2.25612881e+00 -6.98371590e+00 7.00933266e+00 -6.98371590e+00 -3.29343047e+01
-1.48272866e+00 3.92183377e-01 2.14640551e+00 3.92183377e-01 3.32150646e+00 5.52240263e+00 2.14640551e+00 5.52240263e+00 -2.54601209e+01
-2.39572510e+00 -6.99220687e-01 3.93234816e+00 -6.99220687e-01 1.42759135e+00 3.73156798e+00 3.93234816e+00 3.73156798e+00 -2.19899626e+01
-5.95019841e+00 6.18136380e-01 1.09408051e-01 6.18136380e-01 -3.51182729e-01 6.59863341e+00 1.09408051e-01 6.59863341e+00 -1.86328785e+01
-1.92244368e+00 1.04581813e+00 1.20656231e+00 1.04581813e+00 -2.64684021e-01 8.15606259e-01 1.20656231e+00 8.15606259e-01 -2.21087651e+01
-3.34027700e-01 1.05534109e+00 9.39691186e-01 1.05534109e+00 -5.36512733e-02 -3.04890975e-01 9.39691186e-01 -3.04890975e-01 -2.32149429e+01
-5.78344735e-01 -1.03051588e+00 -5.05751903e+00 -1.03051588e+00 3.28426496e+00 3.77006800e+00 -5.05751903e+00 3.77006800e+00 -2.82333270e+01
-5.54696321e+00 8.91313744e+00 -7.59489632e+00 8.91313744e+00 -7.37222195e+00 6.45674944e+00 -7.59489632e+00 6.45674944e+00 -2.04695535e+00
-4.17265590e+00 2.35253100e+00 -1.09383777e+01 2.35253100e+00 -2.33286953e+00 4.18387914e+00 -1.09383777e+01 4.18387914e+00 -2.88778776e+01
-1.44001378e+00 9.73600417e-01 2.87242803e+00 9.73600417e-01 -2.61764079e-01 -4.11110058e-01 2.87242803e+00 -4.11110058e-01 -2.56643810e+01
-9.52881016e-01 -2.24260554e-01 1.21194267e+00 -2.24260554e-01 1.55115619e+00 1.63663405e+00 1.21194267e+00 1.63663405e+00 -2.77809343e+01
</DataArray>
<DataArray type="Float32" Name="Logarithmic_strain_components" NumberOfComponents="9" format="ascii">
1.25379156e-04 -1.38771270e-07 -2.02177546e-07 -1.38771270e-07 3.69001908e-04 1.59289243e-07 -2.02177546e-07 1.59289243e-07 -7.75603927e-04
1.43863719e-04 2.88287674e-05 -3.32464396e-07 2.88287674e-05 4.01974903e-04 -1.31544823e-07 -3.32464396e-07 -1.31544823e-07 -8.23004404e-04
1.60228257e-04 8.59914317e-05 -4.80855497e-05 8.59914317e-05 3.27665213e-04 -2.41312450e-05 -4.80855497e-05 -2.41312450e-05 -7.60558076e-04
1.53018744e-04 3.07922219e-05 -2.36653132e-05 3.07922219e-05 3.12121629e-04 -1.32647045e-07 -2.36653132e-05 -1.32647045e-07 -7.44405377e-04
1.26132883e-04 8.79336710e-08 3.09737134e-05 8.79336710e-08 3.45550608e-04 -5.03530482e-05 3.09737134e-05 -5.03530482e-05 -7.51382409e-04
1.43191608e-04 4.70559496e-06 6.18857830e-05 4.70559496e-06 3.50780603e-04 -7.29705048e-05 6.18857830e-05 -7.29705048e-05 -7.76932051e-04
1.50706101e-04 3.54901111e-05 4.05065082e-05 3.54901111e-05 3.13652385e-04 -4.09740012e-05 4.05065082e-05 -4.09740012e-05 -7.45916062e-04
1.30159977e-04 6.64818742e-06 2.02605711e-05 6.64818742e-06 3.06499089e-04 -1.96488490e-05 2.02605711e-05 -1.96488490e-05 -7.18779425e-04
1.86550627e-04 3.19946557e-05 1.64252185e-07 3.19946557e-05 4.80396688e-04 6.06964886e-06 1.64252185e-07 6.06964886e-06 -9.37994075e-04
1.71847416e-04 1.14342267e-04 -8.92288663e-05 1.14342267e-04 3.53707757e-04 -1.53764381e-05 -8.92288663e-05 -1.53764381e-05 -7.84729244e-04
1.83081193e-04 1.07018645e-05 1.57981096e-04 1.07018645e-05 3.69928930e-04 -7.66833082e-05 1.57981096e-04 -7.66833082e-05 -8.43068963e-04
1.99218748e-04 4.48513747e-05 5.88649764e-05 4.48513747e-05 3.50949045e-04 -6.62317857e-05 5.88649764e-05 -6.62317857e-05 -8.31504447e-04
2.26860764e-04 7.97308303e-06 -3.20967587e-07 7.97308303e-06 5.48052776e-04 3.64381012e-05 -3.20967587e-07 3.64381012e-05 -1.04918849e-03
2.09546059e-04 9.50023150e-05 -1.40569773e-04 9.50023150e-05 3.99651020e-04 1.82422141e-05 -1.40569773e-04 1.82422141e-05 -8.61325010e-04
2.45583880e-04 -1.02571823e-05 1.74333181e-04 -1.02571823e-05 3.97494674e-04 -2.14960301e-05 1.74333181e-04 -2.14960301e-05 -9.36856974e-04
2.45504141e-04 -1.59102088e-05 1.08517392e-04 -1.59102088e-05 3.64260286e-04 -6.81925158e-05 1.08517392e-04 -6.81925158e-05 -8.95743251e-04
2.90511962e-04 -2.92856930e-05 6.30148307e-08 -2.92856930e-05 5.82871056e-04 6.41785446e-05 6.30148307e-08 6.41785446e-05 -1.14856230e-03
2.90679294e-04 3.93056030e-05 -2.00344581e-04 3.93056030e-05 4.71433239e-04 5.44593531e-05 -2.00344581e-04 5.44593531e-05 -1.01307644e-03
3.31998948e-04 -3.90405776e-05 8.05642230e-05 -3.90405776e-05 4.23996062e-04 -1.92048175e-05 8.05642230e-05 -1.92048175e-05 -1.04011287e-03
2.93860950e-04 -4.08047724e-05 1.33320716e-04 -4.08047724e-05 3.37752645e-04 -5.12655080e-05 1.33320716e-04 -5.12655080e-05 -9.26570407e-04
4.47597340e-04 -1.02358928e-04 -7.30349257e-08 -1.02358928e-04 6.57262543e-04 3.72093673e-05 -7.30349257e-08 3.72093673e-05 -1.33183779e-03
3.87799897e-04 1.07549176e-05 -2.46216026e-04 1.07549176e-05 5.45500479e-04 7.44641584e-05 -2.46216026e-04 7.44641584e-05 -1.16003535e-03
4.08860782e-04 -6.51601185e-05 1.00801972e-04 -6.51601185e-05 4.74900218e-04 -6.28774505e-05 1.00801972e-04 -6.28774505e-05 -1.12711423e-03
3.66999448e-04 -4.71151041e-05 1.68280119e-04 -4.71151041e-05 3.86631589e-04 -3.47915264e-05 1.68280119e-04 -3.47915264e-05 -1.03101692e-03
4.79555747e-04 -2.90409720e-04 2.91751121e-07 -2.90409720e-04 8.40652559e-04 -1.40908960e-04 2.91751121e-07 -1.40908960e-04 -1.50110270e-03
4.28567888e-04 -1.45085362e-04 -3.63887884e-04 -1.45085362e-04 6.87406733e-04 8.58175808e-05 -3.63887884e-04 8.58175808e-05 -1.31920434e-03
4.09953544e-04 -6.37564990e-05 4.44493089e-05 -6.37564990e-05 5.85726375e-04 -2.02632917e-04 4.44493089e-05 -2.02632917e-04 -1.20788452e-03
3.86615160e-04 -9.07993053e-05 3.54905715e-05 -9.07993053e-05 4.91066465e-04 -7.51606858e-05 3.54905715e-05 -7.51606858e-05 -1.13280985e-03
1.76715381e-04 5.76159064e-05 -2.52942859e-05 5.76159064e-05 1.74574840e-04 -3.54127706e-05 -2.52942859e-05 -3.54127706e-05 -6.16008052e-04
1.93996384e-04 2.32688599e-05 -1.30293088e-05 2.32688599e-05 1.95583627e-04 2.14405134e-07 -1.30293088e-05 2.14405134e-07 -6.67640183e-04
1.68674753e-04 5.20948097e-05 8.25414604e-05 5.20948097e-05 2.12595483e-04 -1.02797535e-05 8.25414604e-05 -1.02797535e-05 -6.55687450e-04
1.47749630e-04 1.08712859e-05 6.13853736e-05 1.08712859e-05 1.97682832e-04 5.56133973e-05 6.13853736e-05 5.56133973e-05 -6.31845935e-04
1.65052577e-04 8.75720962e-05 -1.89652137e-05 8.75720962e-05 1.48965308e-04 -4.07789175e-05 -1.89652137e-05 -4.07789175e-05 -5.43708011e-04
1.55045291e-04 5.66372978e-05 9.34677619e-05 5.66372978e-05 1.97895171e-04 1.96325108e-05 9.34677619e-05 1.96325108e-05 -5.92614240e-04
1.42512559e-04 1.14804216e-04 -7.30683732e-05 1.14804216e-04 1.20522771e-04 -7.44113877e-05 -7.30683732e-05 -7.44113877e-05 -4.39426149e-04
1.68181963e-04 -3.01535095e-05 2.41404284e-04 -3.01535095e-05 2.01010922e-04 4.20133708e-05 2.41404284e-04 4.20133708e-05 -5.84538706e-04
1.38662497e-04 6.70577056e-05 -2.17552748e-04 6.70577056e-05 1.44938344e-04 1.02335944e-05 -2.17552748e-04 1.02335944e-05 -4.15433984e-04
2.47656227e-04 -6.87727033e-05 4.14622982e-04 -6.87727033e-05 2.21789734e-04 6.80025890e-05 4.14622982e-04 6.80025890e-05 -6.85944227e-04
1.29866758e-04 1.56517153e-05 -2.45300951e-04 1.56517153e-05 1.74088189e-04 8.51496716e-05 -2.45300951e-04 8.51496716e-05 -4.44830475e-04
2.36458585e-04 -4.08705531e-05 4.52305506e-04 -4.08705531e-05 2.58904388e-04 1.10685294e-04 4.52305506e-04 1.10685294e-04 -7.22303836e-04
1.54810274e-04 -1.01828279e-04 -2.85679882e-04 -1.01828279e-04 1.76429930e-04 2.02805793e-04 -2.85679882e-04 2.02805793e-04 -4.96824810e-04
2.43021047e-04 -1.55158482e-04 3.83882036e-04 -1.55158482e-04 3.43839919e-04 2.34109231e-04 3.83882036e-04 2.34109231e-04 -8.22986631e-04
1.78385493e-04 -1.47384378e-06 3.30604030e-06 -1.47384378e-06 7.62769150e-05 -2.88861625e-05 3.30604030e-06 -2.88861625e-05 -5.10024489e-04
1.97539193e-04 -3.09689813e-06 2.00647150e-06 -3.09689813e-06 9.83405989e-05 -1.50363832e-07 2.00647150e-06 -1.50363832e-07 -5.69520256e-04
1.73150851e-04 -3.17215381e-07 8.70085969e-05 -3.17215381e-07 1.07181888e-04 2.78897610e-05 8.70085969e-05 2.78897610e-05 -5.41870126e-04
1.55519563e-04 -2.05534724e-06 8.42697027e-05 -2.05534724e-06 9.94879774e-05 6.42235573e-05 8.42697027e-05 6.42235573e-05 -5.36987383e-04
1.52746950e-04 1.59551207e-05 -9.82379606e-06 1.59551207e-05 4.33053788e-05 -2.97408196e-05 -9.82379606e-06 -2.97408196e-05 -3.92559938e-04
1.30103406e-04 4.21401342e-06 8.49191938e-05 4.21401342e-06 4.61343275e-05 6.04936199e-05 8.49191938e-05 6.04936199e-05 -3.64165899e-04
