<VTKFile type="UnstructuredGrid" version="0.1" byte_order="LittleEndian">
<UnstructuredGrid>
<Piece NumberOfPoints="191" NumberOfCells="79">
<Points>
<DataArray type="Float64" NumberOfComponents="3" format="ascii">
 1.03992081e+00  5.22462988e+00  1.89076650e+00
 2.06676412e+00  5.21379852e+00  1.91144156e+00
 2.06802344e+00  6.27009010e+00  1.87128353e+00
 1.03483057e+00  6.26386738e+00  1.86234164e+00
 1.03246319e+00  5.25908852e+00  2.83283520e+00
 2.07183456e+00  5.25554037e+00  2.84174132e+00
 2.06031656e+00  6.32778645e+00  2.79207635e+00
 1.03549480e+00  6.29765797e+00  2.79939795e+00
 3.11391830e+00  5.19781303e+00  1.93101215e+00
 3.12364769e+00  6.25877810e+00  1.87386560e+00
 3.11063170e+00  5.24715662e+00  2.82098246e+00
 3.15972137e+00  6.30577040e+00  2.74246454e+00
 5.11942148e+00  5.18773985e+00  2.00003457e+00
 6.11942101e+00  5.18967390e+00  2.00003147e+00
 6.11748505e+00  6.18968105e+00  1.99998295e+00
 5.11745834e+00  6.18775225e+00  1.99996650e+00
 5.11941242e+00  5.18780279e+00  3.00002265e+00
 6.11940527e+00  5.18974543e+00  3.00003886e+00
 6.11746359e+00  6.18973541e+00  2.99997282e+00
 5.11747980e+00  6.18779135e+00  2.99997735e+00
 0.00000000e+00  0.00000000e+00  2.74846625e+00
 1.04770875e+00  0.00000000e+00  2.74648571e+00
 1.05035830e+00  1.05223763e+00  2.75237989e+00
 0.00000000e+00  1.05031323e+00  2.75741982e+00
 0.00000000e+00  0.00000000e+00  3.66266394e+00
 1.06439900e+00  0.00000000e+00  3.66323066e+00
 1.06611884e+00  1.05212176e+00  3.66513133e+00
 0.00000000e+00  1.04879642e+00  3.67315865e+00
 2.10578561e+00  0.00000000e+00  2.73288512e+00
 2.09437013e+00  1.04448998e+00  2.74168396e+00
 2.12474990e+00  0.00000000e+00  3.65361500e+00
 2.12752438e+00  1.05494952e+00  3.65325356e+00
 3.15744114e+00  0.00000000e+00  2.71787596e+00
 3.15847921e+00  1.03981900e+00  2.72143650e+00
 3.18591952e+00  0.00000000e+00  3.63757133e+00
 3.17974901e+00  1.04819500e+00  3.63896990e+00
 4.21962595e+00  0.00000000e+00  2.70459318e+00
 4.22243834e+00  1.04151773e+00  2.69992232e+00
 4.23956442e+00  0.00000000e+00  3.62566090e+00
 4.23672485e+00  1.04012430e+00  3.61905503e+00
 5.28490591e+00  0.00000000e+00  2.68827415e+00
 5.28556347e+00  1.04429543e+00  2.69071007e+00
 5.29134941e+00  0.00000000e+00  3.61704397e+00
 5.29064512e+00  1.03896010e+00  3.60540175e+00
 6.34514618e+00  0.00000000e+00  2.68267012e+00
 6.34491062e+00  1.04470503e+00  2.68473172e+00
 6.33306551e+00  0.00000000e+00  3.61375427e+00
 6.34669828e+00  1.03899932e+00  3.60539961e+00
 1.03534770e+00  2.09861708e+00  2.77294683e+00
 0.00000000e+00  2.11234522e+00  2.77618742e+00
 1.06586087e+00  2.10540986e+00  3.68789434e+00
 0.00000000e+00  2.10546803e+00  3.68960190e+00
 2.09360981e+00  2.10017633e+00  2.75153255e+00
 2.13644052e+00  2.11177611e+00  3.66093397e+00
 3.14856553e+00  2.10655093e+00  2.71049452e+00
 3.18886805e+00  2.10549116e+00  3.60669374e+00
 4.21833134e+00  2.11792135e+00  2.70012736e+00
 4.22730589e+00  2.09218788e+00  3.58936286e+00
 5.28120661e+00  2.11069536e+00  2.70192432e+00
 5.28628874e+00  2.10341477e+00  3.59051943e+00
 6.33523512e+00  2.11679840e+00  2.69670343e+00
 6.33817387e+00  2.10597754e+00  3.58957815e+00
 1.03104079e+00  3.16915894e+00  2.81502771e+00
 0.00000000e+00  3.16599917e+00  2.81111598e+00
 1.06218994e+00  3.16664767e+00  3.72160721e+00
 0.00000000e+00  3.16524076e+00  3.73178959e+00
 2.08399677e+00  3.14845657e+00  2.78479433e+00
 2.15298724e+00  3.17134738e+00  3.65072441e+00
 3.06662607e+00  3.12677574e+00  2.49650002e+00
 3.21629548e+00  3.15211797e+00  3.54005933e+00
 1.03129292e+00  4.20909262e+00  2.84504890e+00
 0.00000000e+00  4.21683884e+00  2.83865380e+00
 1.04965413e+00  4.23002052e+00  3.78219604e+00
 0.00000000e+00  4.23689222e+00  3.76257038e+00
 0.00000000e+00  5.25307035e+00  2.82900453e+00
 1.04474866e+00  5.30046988e+00  3.76333761e+00
 0.00000000e+00  5.28176785e+00  3.75044441e+00
 2.07447243e+00  4.20971060e+00  2.87770367e+00
 2.11252284e+00  4.24246073e+00  3.75751996e+00
 2.10838270e+00  5.28112364e+00  3.76608300e+00
 0.00000000e+00  6.30129337e+00  2.78843188e+00
 1.06317604e+00  6.35414648e+00  3.69590163e+00
 0.00000000e+00  6.36961460e+00  3.71359873e+00
 2.10832500e+00  6.37476921e+00  3.69720244e+00
 3.14417434e+00  5.26007175e+00  3.64336085e+00
 3.22640920e+00  6.29709864e+00  3.64718986e+00
 0.00000000e+00  0.00000000e+00  4.56859064e+00
 1.08007109e+00  0.00000000e+00  4.56581497e+00
 1.08372748e+00  1.05389905e+00  4.56908798e+00
 0.00000000e+00  1.05012465e+00  4.57197475e+00
 2.14653993e+00  0.00000000e+00  4.56127548e+00
 2.15639234e+00  1.06260180e+00  4.56010294e+00
 3.20278215e+00  0.00000000e+00  4.55329514e+00
 3.20894051e+00  1.06488490e+00  4.55212164e+00
 4.25389719e+00  0.00000000e+00  4.54483652e+00
 4.24797010e+00  1.05862761e+00  4.54409695e+00
 5.29516125e+00  0.00000000e+00  4.54089403e+00
 5.28892803e+00  1.05268550e+00  4.53642607e+00
 6.32853031e+00  0.00000000e+00  4.53859282e+00
 6.33005285e+00  1.05718720e+00  4.53898907e+00
 1.09595919e+00  2.11469054e+00  4.57589102e+00
 0.00000000e+00  2.10455656e+00  4.58363914e+00
 2.17454004e+00  2.12643027e+00  4.55899620e+00
 3.22545695e+00  2.12702990e+00  4.53302479e+00
 4.25489044e+00  2.11387396e+00  4.51170397e+00
 5.27610493e+00  2.09773278e+00  4.49962854e+00
 6.30246258e+00  2.10370326e+00  4.49973392e+00
 1.09785807e+00  3.15899324e+00  4.61306190e+00
 0.00000000e+00  3.17726564e+00  4.62869740e+00
 2.19550657e+00  3.16538024e+00  4.55205822e+00
 3.26071668e+00  3.15806699e+00  4.48379850e+00
 4.24499893e+00  3.06938577e+00  3.41979408e+00
 4.27678347e+00  3.14137888e+00  4.46311283e+00
 1.10330260e+00  4.22480297e+00  4.68739891e+00
 0.00000000e+00  4.21164465e+00  4.64814425e+00
 2.20765495e+00  4.20862770e+00  4.58887863e+00
 1.08535922e+00  5.33244133e+00  4.62159967e+00
 0.00000000e+00  5.33994865e+00  4.62204361e+00
 1.10325301e+00  6.43521070e+00  4.58896065e+00
 0.00000000e+00  6.42987728e+00  4.60215712e+00
 2.15690589e+00  5.30552197e+00  4.62590027e+00
 2.23655963e+00  6.37940931e+00  4.59724045e+00
 3.24032402e+00  5.22133255e+00  4.51066923e+00
 3.33894897e+00  6.24961090e+00  4.53958130e+00
 4.06232309e+00  5.19450712e+00  3.34829259e+00
 4.20540714e+00  6.18920612e+00  3.43129230e+00
 4.30980396e+00  5.14144182e+00  4.46181059e+00
 4.32777500e+00  6.14276314e+00  4.46215868e+00
 5.31014061e+00  5.12499666e+00  3.46195412e+00
 6.30998659e+00  5.10833788e+00  3.46193576e+00
 6.32665110e+00  6.10820436e+00  3.46197748e+00
 5.32675219e+00  6.12489748e+00  3.46204662e+00
 5.31010580e+00  5.12497616e+00  4.46195364e+00
 6.31004238e+00  5.10830164e+00  4.46195650e+00
 6.32665157e+00  6.10817671e+00  4.46197033e+00
 5.32688189e+00  6.12474251e+00  4.46204042e+00
 0.00000000e+00  0.00000000e+00  5.46198511e+00
 1.08505511e+00  0.00000000e+00  5.46198511e+00
 1.09195697e+00  1.05800259e+00  5.46198511e+00
 0.00000000e+00  1.05200398e+00  5.46198511e+00
 2.15764999e+00  0.00000000e+00  5.46198511e+00
 2.16429663e+00  1.06754291e+00  5.46198511e+00
 3.21008325e+00  0.00000000e+00  5.46198511e+00
 3.22059917e+00  1.07238543e+00  5.46198511e+00
 4.25640202e+00  0.00000000e+00  5.46198511e+00
 4.25747585e+00  1.07172227e+00  5.46198511e+00
 5.29484034e+00  0.00000000e+00  5.46198511e+00
 5.29053974e+00  1.06669080e+00  5.46198511e+00
 6.33484602e+00  0.00000000e+00  5.46198511e+00
 6.31291008e+00  1.07548487e+00  5.46198511e+00
 1.11126494e+00  2.10495567e+00  5.46198511e+00
 0.00000000e+00  2.09958982e+00  5.46198511e+00
 2.19587159e+00  2.12738705e+00  5.46198511e+00
 3.23935962e+00  2.13771439e+00  5.46198511e+00
 4.26578236e+00  2.12782121e+00  5.46198511e+00
 5.27364588e+00  2.11340499e+00  5.46198511e+00
 6.29077578e+00  2.11337161e+00  5.46198511e+00
 1.12002802e+00  3.19886136e+00  5.46198511e+00
 0.00000000e+00  3.20498514e+00  5.46198511e+00
 2.22745395e+00  3.17462683e+00  5.46198511e+00
 3.27550077e+00  3.16744661e+00  5.46198511e+00
 4.27746201e+00  3.14217520e+00  5.46198511e+00
 5.27719736e+00  3.12430692e+00  4.46129274e+00
 5.27773094e+00  3.12501907e+00  5.46198511e+00
 6.27919054e+00  3.11043096e+00  4.46067953e+00
 6.27941561e+00  3.11216784e+00  5.46198511e+00
 3.29377604e+00  4.15946436e+00  4.44676018e+00
 3.30214691e+00  4.17035580e+00  5.46198511e+00
 2.29076242e+00  4.19983292e+00  5.46198511e+00
 4.29376316e+00  4.14116859e+00  4.46223736e+00
 4.29391718e+00  4.14138174e+00  5.46198511e+00
 5.29354668e+00  4.12516642e+00  4.46193218e+00
 5.29363394e+00  4.12506866e+00  5.46198511e+00
 6.29329109e+00  4.10870266e+00  4.46202421e+00
 6.29319954e+00  4.10855484e+00  5.46198511e+00
 0.00000000e+00  4.18304777e+00  5.46198511e+00
 1.13278365e+00  4.21060514e+00  5.46198511e+00
 1.11709201e+00  5.35964394e+00  5.46198511e+00
 0.00000000e+00  5.38013649e+00  5.46198511e+00
 5.31005287e+00  5.12497234e+00  5.46198511e+00
 4.31020737e+00  5.14151621e+00  5.46198511e+00
 6.31007767e+00  5.10832596e+00  5.46198511e+00
 1.12582374e+00  6.45565367e+00  5.46198511e+00
 0.00000000e+00  6.44721985e+00  5.46198511e+00
 2.19691563e+00  5.31180954e+00  5.46198511e+00
 2.28385329e+00  6.37516165e+00  5.46198511e+00
 3.25786877e+00  5.20118952e+00  5.46198511e+00
 3.35905886e+00  6.23484850e+00  5.46198511e+00
 4.32815361e+00  6.14197731e+00  5.46198511e+00
 5.32689762e+00  6.12468147e+00  5.46198511e+00
 6.32664680e+00  6.10817432e+00  5.46198511e+00
</DataArray>
</Points>
<PointData Tensors="Stress_Components,Plastic_strain_components" Vevtors="Spatial_displacement,Reaction_force" Scalars="Equivalent_plastic_strain,Stress_Mises,Stress_Max_Principal,Stress_Mid_Principal,Stress_Min_Principal,Stress_Pressure,Stress_Tresca,Stress_Third_Invariant,Plastic_strain_Max_Principal,Plastic_strain_Min_Principal">
<DataArray type="Float32" Name="Stress_Components" NumberOfComponents="9" format="ascii">
1.65077259e+01 -2.11741626e-02 2.23418809e-01 -2.11741626e-02 1.36685272e+01 9.14507215e-02 2.23418809e-01 9.14507215e-02 2.84849447e+00
4.39218098e+00 -2.76515444e+00 8.90267279e-01 -2.76515444e+00 3.73236072e+00 2.42791333e+00 8.90267279e-01 2.42791333e+00 -1.89010259e+01
-1.04226899e+01 -2.60202542e-01 1.31898578e+00 -2.60202542e-01 -4.06239223e+00 -2.59224315e+00 1.31898578e+00 -2.59224315e+00 -4.50902805e+01
-2.23742884e+00 -8.18233274e-01 -7.59033412e-02 -8.18233274e-01 -2.52699566e+00 -6.56568119e-02 -7.59033412e-02 -6.56568119e-02 -3.52432098e+01
1.62861440e+01 7.70088295e-02 9.50729167e-01 7.70088295e-02 1.70360748e+01 -3.32527366e-01 9.50729167e-01 -3.32527366e-01 5.99977624e+00
2.21559582e+01 -2.24497533e+00 3.06214606e+00 -2.24497533e+00 2.47770536e+01 5.33705473e-01 3.06214606e+00 5.33705473e-01 1.68123234e+01
-1.35538218e+01 -2.14081377e-01 5.91267392e-01 -2.14081377e-01 -6.38633490e-01 -8.19369964e-03 5.91267392e-01 -8.19369964e-03 -4.34000909e+01
1.14166894e+01 -1.62631828e-01 4.03283779e-01 -1.62631828e-01 1.02869524e+01 6.59303658e-01 4.03283779e-01 6.59303658e-01 -6.85798883e+00
-2.05411482e+01 -1.77224290e+00 -3.64941005e-01 -1.77224290e+00 -1.88517532e+01 6.11504894e+00 -3.64941005e-01 6.11504894e+00 -7.45911388e+01
-8.68148460e+01 -3.65962291e+00 -5.97302318e+00 -3.65962291e+00 -8.14089394e+01 4.79128039e+00 -5.97302318e+00 4.79128039e+00 -2.12054741e+02
-7.25410360e+01 8.50800959e+00 -2.71435037e+01 8.50800959e+00 -7.64947414e+01 -2.49512251e+00 -2.71435037e+01 -2.49512251e+00 -1.72124706e+02
-5.16933002e+01 1.79801464e-01 -5.28252435e+00 1.79801464e-01 -7.53362122e+01 -1.16633701e+00 -5.28252435e+00 -1.16633701e+00 -1.65409105e+02
-2.40469169e-01 -6.07721806e-01 -2.63818718e-01 -6.07721806e-01 2.96689203e-01 2.62663007e-01 -2.63818718e-01 2.62663007e-01 -4.38138276e-01
-4.30819269e-01 -4.31389064e-02 -9.83070731e-02 -4.31389064e-02 -9.98420641e-02 -2.44398333e-01 -9.83070731e-02 -2.44398333e-01 1.48834951e-01
6.92212999e-01 -1.46174446e-01 -1.10596187e-01 -1.46174446e-01 -1.06078871e-01 5.84180776e-01 -1.10596187e-01 5.84180776e-01 -9.67987537e-01
3.92938465e-01 -7.10960805e-01 8.28015804e-03 -7.10960805e-01 -1.99154021e-01 -5.22393674e-01 8.28015804e-03 -5.22393674e-01 -5.75773694e-01
2.35400736e-01 2.04432070e-01 3.69008780e-01 2.04432070e-01 6.60246164e-02 1.57484919e-01 3.69008780e-01 1.57484919e-01 -3.87670211e-02
-5.61833829e-02 2.33668946e-02 1.15367554e-01 2.33668946e-02 -1.61897570e-01 1.54238632e-02 1.15367554e-01 1.54238632e-02 4.80860621e-01
-5.15670367e-02 5.51541075e-02 -2.46947944e-01 5.51541075e-02 2.04841629e-01 -5.41410506e-01 -2.46947944e-01 -5.41410506e-01 1.09435186e-01
-3.19532990e-01 2.36250103e-01 -1.29588991e-01 2.36250103e-01 -1.26847014e-01 3.46107930e-01 -1.29588991e-01 3.46107930e-01 7.08947718e-01
1.05267072e+00 3.67737412e-02 2.00698242e-01 3.67737412e-02 1.81065702e+00 -3.17419982e-02 2.00698242e-01 -3.17419982e-02 -2.69297156e+01
1.72126458e+00 4.60660271e-01 7.37443417e-02 4.60660271e-01 1.69170600e+00 2.98344351e-01 7.37443417e-02 2.98344351e-01 -2.62748510e+01
5.99736346e+00 -2.46996228e-01 1.11290381e-01 -2.46996228e-01 6.59920577e+00 4.66993902e-01 1.11290381e-01 4.66993902e-01 -1.63342400e+01
1.53886238e+00 1.94357757e-01 2.17399575e-01 1.94357757e-01 2.98244619e+00 -2.17905283e-01 2.17399575e-01 -2.17905283e-01 -2.50862466e+01
6.47211242e+00 -2.96108546e-02 6.23028323e-01 -2.96108546e-02 5.33444929e+00 2.10523847e-01 6.23028323e-01 2.10523847e-01 -1.72132492e+01
3.95858943e-01 2.23542735e-01 -1.82041310e-01 2.23542735e-01 -1.07844174e-01 1.11439010e+00 -1.82041310e-01 1.11439010e+00 -2.95994687e+01
4.16027257e+00 3.68388963e-01 3.13936647e-01 3.68388963e-01 3.53069377e+00 4.23797015e-01 3.13936647e-01 4.23797015e-01 -2.16656404e+01
1.12426883e+00 3.67793344e-01 6.60236027e-01 3.67793344e-01 -4.06612247e-01 -6.65522452e-01 6.60236027e-01 -6.65522452e-01 -2.91514010e+01
6.69876254e+00 -8.25684085e-01 1.70737864e-01 -8.25684085e-01 5.89089513e+00 -3.38136993e-02 1.70737864e-01 -3.38136993e-02 -1.63598496e+01
6.02667426e+00 -5.33988426e-01 8.56654992e-01 -5.33988426e-01 5.95504689e+00 9.06402395e-01 8.56654992e-01 9.06402395e-01 -1.68022207e+01
3.10133994e-01 1.12194242e-01 1.51289795e-02 1.12194242e-01 3.30597341e-01 3.67391119e-01 1.51289795e-02 3.67391119e-01 -2.93589656e+01
-1.39626795e+00 7.34665587e-02 1.09068467e+00 7.34665587e-02 -4.59162295e-02 1.85105109e+00 1.09068467e+00 1.85105109e+00 -3.12743546e+01
6.75990021e+00 1.31784691e-01 2.72461265e-01 1.31784691e-01 5.68428117e+00 6.14470359e-01 2.72461265e-01 6.14470359e-01 -1.64441512e+01
1.11307243e+01 -5.95967136e-02 6.67196661e-02 -5.95967136e-02 9.60022512e+00 -3.53952236e-02 6.67196661e-02 -3.53952236e-02 -7.56558192e+00
3.43185444e+00 -7.34059200e-01 3.28393511e-01 -7.34059200e-01 2.39148816e+00 8.95466292e-01 3.28393511e-01 8.95466292e-01 -2.36151230e+01
3.29460743e+00 -6.53480849e-01 5.02952695e-01 -6.53480849e-01 3.28866881e+00 7.45969840e-01 5.02952695e-01 7.45969840e-01 -2.27500237e+01
9.20488405e+00 1.23725541e-01 -1.35693090e-01 1.23725541e-01 7.17954341e+00 4.44399884e-01 -1.35693090e-01 4.44399884e-01 -1.21469796e+01
5.21261382e+00 4.55233259e-02 -4.76423888e-01 4.55233259e-02 3.05508339e+00 9.26252306e-02 -4.76423888e-01 9.26252306e-02 -2.09602232e+01
6.89739180e+00 -3.19216903e-01 -2.21790507e-01 -3.19216903e-01 5.11940873e+00 5.71706519e-01 -2.21790507e-01 5.71706519e-01 -1.69548800e+01
1.49132574e+01 -4.13334744e-01 3.21522139e-01 -4.13334744e-01 1.36576339e+01 -2.41559083e-01 3.21522139e-01 -2.41559083e-01 8.62941265e-01
1.24153535e+01 -1.82016492e-01 -8.87901254e-03 -1.82016492e-01 1.07405425e+01 -3.72878276e-03 -8.87901254e-03 -3.72878276e-03 -4.86351311e+00
9.45644784e+00 3.02353399e-02 -3.24392013e-01 3.02353399e-02 6.91223156e+00 7.18239089e-02 -3.24392013e-01 7.18239089e-02 -1.21902096e+01
1.60702509e+01 -1.23236784e-01 -1.50813341e-01 -1.23236784e-01 1.60958451e+01 -3.22518300e-01 -1.50813341e-01 -3.22518300e-01 4.76076221e+00
7.93345095e+00 -2.12696815e-01 -1.88442261e-01 -2.12696815e-01 6.53085241e+00 -3.47492804e-01 -1.88442261e-01 -3.47492804e-01 -1.43028063e+01
1.38590903e+01 -1.13697454e-01 -8.38880846e-02 -1.13697454e-01 1.30743084e+01 -3.06312591e-01 -8.38880846e-02 -3.06312591e-01 -7.34170914e-01
1.74966145e+01 2.33487818e-01 -4.48268821e-01 2.33487818e-01 1.55131336e+01 3.00109442e-02 -4.48268821e-01 3.00109442e-02 5.68807507e+00
1.90308714e+01 4.71991524e-01 2.41078958e-02 4.71991524e-01 1.97568505e+01 -7.12539870e-01 2.41078958e-02 -7.12539870e-01 1.20242357e+01
1.21109768e+01 5.43856844e-01 3.37290097e-01 5.43856844e-01 1.08865402e+01 -9.35937902e-01 3.37290097e-01 -9.35937902e-01 -4.93955469e+00
2.55781627e+00 -8.13354217e-01 1.43499865e+00 -8.13354217e-01 4.97428590e+00 4.44002561e-02 1.43499865e+00 4.44002561e-02 -2.12868296e+01
3.31808662e+00 -1.09524918e+00 1.00280752e+00 -1.09524918e+00 6.76290077e+00 -2.75563980e-01 1.00280752e+00 -2.75563980e-01 -1.87277224e+01
-5.03077564e+00 4.55431283e-01 2.44576807e+00 4.55431283e-01 -6.29314655e+00 2.10915271e+00 2.44576807e+00 2.10915271e+00 -4.16833515e+01
8.62395048e-01 -1.03755645e-01 5.00649109e-01 -1.03755645e-01 1.10574126e+00 -6.92686595e-02 5.00649109e-01 -6.92686595e-02 -2.79273269e+01
1.60067454e+01 2.67850967e+00 4.13061633e+00 2.67850967e+00 1.44265091e+01 3.39378618e+00 4.13061633e+00 3.39378618e+00 -3.60666643e+00
-6.37158662e+00 9.15506051e-01 -1.82655603e-02 9.15506051e-01 -6.17666960e+00 2.60192720e-01 -1.82655603e-02 2.60192720e-01 -4.21940144e+01
-7.89574776e+01 -6.51608714e+00 -1.71105173e+01 -6.51608714e+00 -7.97079613e+01 -2.06129067e+00 -1.71105173e+01 -2.06129067e+00 -1.82483018e+02
1.27013811e+01 1.41089953e+00 3.98631326e-01 1.41089953e+00 1.66081373e+01 1.40232749e+00 3.98631326e-01 1.40232749e+00 -2.98279858e+00
-5.10275755e+01 -1.26940796e+00 -4.08015841e+00 -1.26940796e+00 -4.64210501e+01 1.23488699e+00 -4.08015841e+00 1.23488699e+00 -1.34909885e+02
-3.66576281e+01 -1.84785509e+00 -1.73269206e+01 -1.84785509e+00 -4.59216122e+01 -1.16537072e+00 -1.73269206e+01 -1.16537072e+00 -9.75673573e+01
-3.38796430e+01 -1.57367132e+00 -1.11704633e-01 -1.57367132e+00 -2.96680622e+01 1.61974376e+00 -1.11704633e-01 1.61974376e+00 -9.85284958e+01
-4.55190964e+01 -3.40933315e-01 -4.39530927e+00 -3.40933315e-01 -3.99774904e+01 -1.67123615e+00 -4.39530927e+00 -1.67123615e+00 -1.21920736e+02
-2.76913252e+01 -2.42407024e+00 -7.59495139e-01 -2.42407024e+00 -1.90633531e+01 3.07252675e-01 -7.59495139e-01 3.07252675e-01 -7.97954521e+01
-4.55930042e+01 -4.19634330e+00 -4.97983599e+00 -4.19634330e+00 -3.45196419e+01 -3.76302303e+00 -4.97983599e+00 -3.76302303e+00 -1.14241364e+02
2.33808395e+00 9.06312061e-02 2.92201201e+00 9.06312061e-02 5.15056683e+00 6.25630953e-01 2.92201201e+00 6.25630953e-01 -2.10590790e+01
1.26128073e+01 1.20666916e-01 1.16670153e+00 1.20666916e-01 1.38238635e+01 -3.23892460e-01 1.16670153e+00 -3.23892460e-01 -1.23933446e+00
-9.51783841e+00 -4.11877054e-01 3.83740318e+00 -4.11877054e-01 -9.94079072e+00 1.66518501e+00 3.83740318e+00 1.66518501e+00 -4.99520986e+01
4.76127003e+00 5.58379106e-02 1.60593893e+00 5.58379106e-02 6.31097021e+00 7.44384434e-02 1.60593893e+00 7.44384434e-02 -1.79544654e+01
-1.07822130e+02 -1.18354319e+01 9.51243091e+00 -1.18354319e+01 -9.82162628e+01 -1.54362058e+01 9.51243091e+00 -1.54362058e+01 -2.26566895e+02
-2.08700371e+01 2.51974331e+00 2.39190061e+00 2.51974331e+00 -2.80445669e+01 -2.93603830e+00 2.39190061e+00 -2.93603830e+00 -8.37724394e+01
1.13571075e+02 1.11495152e+01 1.69078751e+01 1.11495152e+01 1.09666573e+02 1.95166302e+01 1.69078751e+01 1.95166302e+01 1.77062714e+02
6.16577593e+00 -5.20857059e+00 -8.53375697e+00 -5.20857059e+00 3.87685966e+00 -6.00516248e+00 -8.53375697e+00 -6.00516248e+00 -5.50618521e+00
2.35713380e+01 -7.49098744e-02 -2.28310339e+00 -7.49098744e-02 2.37791784e+01 2.74477209e-01 -2.28310339e+00 2.74477209e-01 2.04435595e+01
1.34665514e+01 -3.92901734e-01 1.28909103e+00 -3.92901734e-01 1.38933489e+01 6.79170463e-01 1.28909103e+00 6.79170463e-01 1.82175636e-03
2.13072441e+01 -5.95988790e-01 -1.74052499e-01 -5.95988790e-01 2.32972055e+01 1.13766363e+00 -1.74052499e-01 1.13766363e+00 1.90982668e+01
7.91233063e+00 -9.00799619e-01 2.38681342e+00 -9.00799619e-01 8.60434008e+00 1.67624455e+00 2.38681342e+00 1.67624455e+00 -1.14571528e+01
1.44976325e+01 -3.02834529e-02 8.89789900e-02 -3.02834529e-02 1.45790071e+01 2.52777413e-01 8.89789900e-02 2.52777413e-01 1.50162554e+00
1.99272736e+01 4.32281224e-01 9.70513250e-01 4.32281224e-01 2.07783766e+01 3.33556397e-01 9.70513250e-01 3.33556397e-01 1.42700656e+01
2.61942554e+00 1.89294247e+00 1.51647508e-01 1.89294247e+00 5.26076794e+00 1.22264850e+00 1.51647508e-01 1.22264850e+00 -2.12072136e+01
-5.59804444e+01 1.69711211e+00 6.11487457e+00 1.69711211e+00 -5.23056280e+01 1.86686399e+01 6.11487457e+00 1.86686399e+01 -1.28018983e+02
-1.02872478e+02 -3.64518404e+00 1.32830281e+01 -3.64518404e+00 -1.00608986e+02 1.14623990e+01 1.32830281e+01 1.14623990e+01 -2.46544220e+02
-5.19237144e+00 -3.06812663e+00 -2.94320459e+00 -3.06812663e+00 7.96621799e-01 4.97668343e+00 -2.94320459e+00 4.97668343e+00 -3.31641186e+01
3.10247135e+00 -4.43380654e-01 -3.29554573e-01 -4.43380654e-01 5.26205349e+00 8.24171662e-01 -3.29554573e-01 8.24171662e-01 -2.09566364e+01
2.07074070e+00 1.25299245e+00 -1.33261888e+00 1.25299245e+00 3.76637936e-01 8.85756224e-01 -1.33261888e+00 8.85756224e-01 -2.73593502e+01
3.42626572e+00 -1.83491540e+00 2.40838563e+00 -1.83491540e+00 7.32782555e+00 -1.31782012e+00 2.40838563e+00 -1.31782012e+00 -1.80535259e+01
-2.25224080e+01 -3.53554530e+00 -4.26146829e+00 -3.53554530e+00 -1.71641264e+01 3.99390018e+00 -4.26146829e+00 3.99390018e+00 -6.85985489e+01
-8.83240573e+01 1.14694453e+01 2.30567296e-01 1.14694453e+01 -5.24687678e+01 -3.84537800e+01 2.30567296e-01 -3.84537800e+01 -1.26884717e+02
-3.15131565e+00 -3.83008381e+00 -8.62306063e-01 -3.83008381e+00 -8.29561551e+00 -4.13338534e+00 -8.62306063e-01 -4.13338534e+00 -3.72120730e+01
4.97197706e+00 -3.54294796e-02 2.08977409e-01 -3.54294796e-02 2.31646395e+00 -3.60458617e-02 2.08977409e-01 -3.60458617e-02 -2.19834676e+01
4.01770830e-01 1.33030443e-01 -3.57032530e-02 1.33030443e-01 -1.03989804e+00 7.36042713e-01 -3.57032530e-02 7.36042713e-01 -3.06037245e+01
7.44047035e-01 7.19460744e-01 2.70779045e-01 7.19460744e-01 -1.16665286e+00 3.91807265e-01 2.70779045e-01 3.91807265e-01 -3.03514194e+01
-1.13019347e-02 2.89391885e-01 4.21379976e-01 2.89391885e-01 -3.34560645e+00 -2.96866510e-01 4.21379976e-01 -2.96866510e-01 -3.34454384e+01
-5.35498673e+00 8.46720465e-01 -1.85961276e-01 8.46720465e-01 -3.77888614e+00 8.17400873e-01 -1.85961276e-01 8.17400873e-01 -3.97827041e+01
-6.32197535e+00 1.30119737e+00 5.01555080e-01 1.30119737e+00 -4.77581751e+00 1.51066657e+00 5.01555080e-01 1.51066657e+00 -4.16800077e+01
-6.56931907e+00 3.26755177e-01 5.57651915e-01 3.26755177e-01 -4.82046354e+00 3.94554049e-01 5.57651915e-01 3.94554049e-01 -4.23326623e+01
-1.29407182e+01 5.67036567e-01 6.94780307e-01 5.67036567e-01 -6.94035301e+00 1.80383793e+00 6.94780307e-01 1.80383793e+00 -5.07877607e+01
-4.38760793e+00 -1.23745306e+00 3.95682063e-01 -1.23745306e+00 -2.40490502e+00 5.59075642e-01 3.95682063e-01 5.59075642e-01 -3.72332851e+01
-2.25808772e+00 -7.10940214e-01 -2.19774224e-01 -7.10940214e-01 1.38109422e+00 -1.04126693e-01 -2.19774224e-01 -1.04126693e-01 -3.06958441e+01
4.23740083e+00 -5.66358492e-01 -5.11996076e-02 -5.66358492e-01 6.65110090e+00 -5.91229446e-01 -5.11996076e-02 -5.91229446e-01 -1.80857395e+01
8.20587432e+00 -1.12044221e+00 -2.48853220e-01 -1.12044221e+00 9.16964281e+00 -8.43621548e-02 -2.48853220e-01 -8.43621548e-02 -1.11591682e+01
3.47796917e-01 4.14635763e-01 7.88124710e-01 4.14635763e-01 5.01699126e+00 -1.35821315e+00 7.88124710e-01 -1.35821315e+00 -2.36821840e+01
-3.47967854e+00 -1.17888792e+00 5.02378643e-02 -1.17888792e+00 1.26924872e-01 -2.12542555e+00 5.02378643e-02 -2.12542555e+00 -3.29210300e+01
-6.63926373e+00 1.40147295e+00 9.75468796e-01 1.40147295e+00 -1.05741345e+01 1.78600849e+00 9.75468796e-01 1.78600849e+00 -4.81613991e+01
-1.67937946e+00 8.10799375e-01 3.10818017e-01 8.10799375e-01 -5.46973324e+00 -1.21638780e-01 3.10818017e-01 -1.21638780e-01 -3.75228825e+01
-7.88633442e+00 2.76801728e+00 3.95586334e-01 2.76801728e+00 -8.26664996e+00 9.62442489e-01 3.95586334e-01 9.62442489e-01 -4.70294124e+01
6.55645287e+00 1.72415057e+00 -5.25481456e+00 1.72415057e+00 8.36821961e+00 -5.88466011e-01 -5.25481456e+00 -5.88466011e-01 -1.08923982e+01
1.18214771e+01 -1.64950199e-01 -2.52640081e+00 -1.64950199e-01 1.71043115e+01 -8.20550376e-02 -2.52640081e+00 -8.20550376e-02 6.16183622e-02
-8.62012434e+00 -2.45890675e+00 -7.22439025e+00 -2.45890675e+00 -2.47353450e+00 -1.88245216e+00 -7.22439025e+00 -1.88245216e+00 -3.87617264e+01
-4.31081200e+00 -5.43562937e+00 -8.89290027e+00 -5.43562937e+00 -8.10245037e+00 -2.40077055e+00 -8.89290027e+00 -2.40077055e+00 -3.83739700e+01
-2.32056307e+01 2.24723528e-01 4.59730458e+00 2.24723528e-01 -3.21968307e+01 -3.17954769e-02 4.59730458e+00 -3.17954769e-02 -8.84002037e+01
-2.87698768e+01 -1.54634911e+00 4.19891622e+00 -1.54634911e+00 -3.32941399e+01 -3.05685518e-01 4.19891622e+00 -3.05685518e-01 -9.66004826e+01
1.28351897e+01 2.20024695e+00 -4.81648983e-01 2.20024695e+00 7.93010585e+00 -4.22615726e+00 -4.81648983e-01 -4.22615726e+00 -6.10179623e+00
3.53380893e+01 1.91202108e+00 -2.45485204e+00 1.91202108e+00 3.19935163e+01 5.15847206e-02 -2.45485204e+00 5.15847206e-02 4.12331645e+01
7.85481339e+01 3.76249075e+00 2.50034409e+01 3.76249075e+00 9.37457352e+01 6.45756912e+00 2.50034409e+01 6.45756912e+00 1.22879082e+02
1.97344910e+01 -2.40664288e+00 -1.07181993e+00 -2.40664288e+00 1.42036698e+01 -3.28590837e+00 -1.07181993e+00 -3.28590837e+00 1.45936870e+01
-2.40140759e+01 -4.71421748e-01 2.04910696e-01 -4.71421748e-01 -2.17799280e+01 5.90771663e+00 2.04910696e-01 5.90771663e+00 -7.69466305e+01
6.54307048e-01 1.11330832e-01 -1.73750393e+00 1.11330832e-01 -1.13973300e+00 3.07959818e+00 -1.73750393e+00 3.07959818e+00 -3.03281492e+01
-1.02496899e+02 -1.16954951e+01 1.10054195e+01 -1.16954951e+01 -1.52089359e+02 -1.32966235e+01 1.10054195e+01 -1.32966235e+01 -2.92369148e+02
-3.20418183e+01 3.24555439e-01 -1.77594629e+00 3.24555439e-01 -2.73463407e+01 4.89285680e+00 -1.77594629e+00 4.89285680e+00 -9.32804146e+01
-1.29583552e+01 -5.17078605e-01 3.80491550e+00 -5.17078605e-01 -1.00008221e+01 -1.30483229e-01 3.80491550e+00 -1.30483229e-01 -5.46474824e+01
1.75678131e+01 -2.27799773e-01 2.15389164e+00 -2.27799773e-01 1.58128752e+01 5.61615661e-01 2.15389164e+00 5.61615661e-01 6.10807419e+00
8.69169664e+00 4.38202932e-01 5.60054094e-01 4.38202932e-01 7.55657578e+00 -7.69851141e-01 5.60054094e-01 -7.69851141e-01 -1.22970257e+01
-3.09203504e+01 8.12912762e-01 -5.60758956e-01 8.12912762e-01 -3.89730833e+01 -3.85800207e+00 -5.60758956e-01 -3.85800207e+00 -1.03661312e+02
-1.15376501e+01 -1.48994537e+00 -3.13951501e+00 -1.48994537e+00 -2.15506240e+01 6.76152998e+00 -3.13951501e+00 6.76152998e+00 -6.11459891e+01
1.10196173e+01 -1.03016299e+00 -3.71722549e-01 -1.03016299e+00 -6.84715629e+00 6.37713653e+00 -3.71722549e-01 6.37713653e+00 -3.56514276e+01
1.26352782e+01 -1.90228143e+00 2.07905212e+00 -1.90228143e+00 2.07093308e+01 -3.48326118e+00 2.07905212e+00 -3.48326118e+00 7.46632665e+00
9.01962967e+01 -3.83333707e+00 9.45695043e-01 -3.83333707e+00 6.32752075e+01 2.19406605e+01 9.45695043e-01 2.19406605e+01 8.76957932e+01
4.33046455e+01 2.60190701e+00 -1.54096276e-01 2.60190701e+00 3.89251022e+01 6.45187044e+00 -1.54096276e-01 6.45187044e+00 5.70923729e+01
8.98463845e+00 -2.68379560e+00 -2.15020100e+00 -2.68379560e+00 9.65968907e+00 5.29580802e-01 -2.15020100e+00 5.29580802e-01 9.15461766e+00
3.64564371e+00 -5.14120408e+00 -1.84370427e+00 -5.14120408e+00 1.36692435e+01 -4.00908466e+00 -1.84370427e+00 -4.00908466e+00 6.49213696e+00
-1.14114273e+00 -9.57738876e-01 1.50954270e+00 -9.57738876e-01 1.16877508e+00 -1.07461214e+00 1.50954270e+00 -1.07461214e+00 -5.01417756e-01
-9.35626984e-01 1.29750073e-01 1.32498786e-01 1.29750073e-01 -1.03210956e-01 7.82582819e-01 1.32498786e-01 7.82582819e-01 5.64809084e-01
9.14740026e-01 -6.08773828e-01 3.29133749e-01 -6.08773828e-01 -4.28414702e-01 -1.41936564e+00 3.29133749e-01 -1.41936564e+00 -9.60433125e-01
3.86988848e-01 -1.69686687e+00 -1.27691936e+00 -1.69686687e+00 5.21501124e-01 1.29706585e+00 -1.27691936e+00 1.29706585e+00 -1.38263643e+00
7.07366718e+00 2.55588760e+00 1.59695872e+00 2.55588760e+00 -2.96766300e+00 9.69430590e-01 1.59695872e+00 9.69430590e-01 -7.03901295e-01
1.22335764e+00 -4.31178451e-01 -1.93724622e-01 -4.31178451e-01 -5.14863809e+00 9.29776967e-01 -1.93724622e-01 9.29776967e-01 -7.98905835e-01
-3.54222465e+00 9.34557736e-01 3.12574208e-03 9.34557736e-01 8.20988834e-01 -1.51014036e+00 3.12574208e-03 -1.51014036e+00 4.79655012e-01
-5.20014600e+00 -2.44839684e+00 -3.51715823e-01 -2.44839684e+00 2.36655343e+00 -7.35899329e-01 -3.51715823e-01 -7.35899329e-01 3.36563239e+00
2.00281525e+00 -3.17171738e-02 2.67987885e-03 -3.17171738e-02 -1.30944610e+00 2.75510061e-03 2.67987885e-03 2.75510061e-03 -2.90622044e+01
-3.75472069e-01 2.64229305e-01 -1.18669504e-02 2.64229305e-01 -2.21422392e+00 2.92553253e-01 -1.18669504e-02 2.92553253e-01 -3.27399702e+01
1.26740146e+00 9.43951793e-01 2.18511108e-01 9.43951793e-01 -1.02451754e+00 3.79347349e-01 2.18511108e-01 3.79347349e-01 -2.95859044e+01
1.15824699e+00 3.60700540e-01 1.44451573e-01 3.60700540e-01 -2.61633635e+00 -7.89126661e-03 1.44451573e-01 -7.89126661e-03 -3.13483366e+01
-8.18755174e+00 5.97386092e-01 -8.65916349e-03 5.97386092e-01 -6.12780714e+00 1.07022890e+00 -8.65916349e-03 1.07022890e+00 -4.53425102e+01
-6.46927433e+00 2.04560131e+00 2.55854711e-01 2.04560131e+00 -5.36906317e+00 6.72745988e-01 2.55854711e-01 6.72745988e-01 -4.25262687e+01
-1.16503806e+01 1.27446541e+00 3.09855794e-02 1.27446541e+00 -7.42782879e+00 6.26867071e-01 3.09855794e-02 6.26867071e-01 -5.03856449e+01
-2.10779018e+01 1.66688752e+00 1.14445068e+00 1.66688752e+00 -1.25604547e+01 1.91955838e+00 1.14445068e+00 1.91955838e+00 -6.53019485e+01
-1.19278305e+01 -6.59868628e-01 6.55695535e-02 -6.59868628e-01 -5.75281709e+00 3.66051465e-01 6.55695535e-02 3.66051465e-01 -4.86480179e+01
-1.93576931e+01 -8.34063180e-01 2.03195670e+00 -8.34063180e-01 -9.81238711e+00 1.41234037e+00 2.03195670e+00 1.41234037e+00 -6.04379160e+01
-9.54991698e+00 -2.56722160e-01 1.11358069e-01 -2.56722160e-01 -2.95085460e+00 -4.99419674e-01 1.11358069e-01 -4.99419674e-01 -4.29709702e+01
-5.78155684e+00 -2.20941833e+00 1.74215907e+00 -2.20941833e+00 1.84945035e+00 1.10131141e-01 1.74215907e+00 1.10131141e-01 -3.29085622e+01
-2.45881462e+01 -3.48403096e+00 2.09948227e-01 -3.48403096e+00 -1.32517452e+01 1.73697665e-01 2.09948227e-01 1.73697665e-01 -6.94330597e+01
-2.13016815e+01 -1.68599516e+00 2.45174241e+00 -1.68599516e+00 -6.94562531e+00 -3.85710967e+00 2.45174241e+00 -3.85710967e+00 -5.76814938e+01
1.62527704e+00 2.91958457e+00 -1.19153389e+00 2.91958457e+00 -2.97192740e+00 1.21192466e+00 -1.19153389e+00 1.21192466e+00 -3.07260695e+01
-1.45853043e+00 4.43739980e-01 -5.57932705e-01 4.43739980e-01 -9.06933308e+00 1.31700672e-01 -5.57932705e-01 1.31700672e-01 -4.06547022e+01
-8.69225390e+00 5.01066592e+00 5.63124418e-01 5.01066592e+00 -8.77260470e+00 2.30662701e+00 5.63124418e-01 2.30662701e+00 -4.71924210e+01
8.61596298e+00 1.18440657e+00 1.80887923e+00 1.18440657e+00 1.24997835e+01 9.73208386e-01 1.80887923e+00 9.73208386e-01 -7.27635860e+00
2.73380256e+01 -1.13051710e+00 2.03710762e+00 -1.13051710e+00 2.57102201e+01 3.35991710e-01 2.03710762e+00 3.35991710e-01 2.58307295e+01
1.89451499e+01 -5.70522547e-02 2.49366575e+00 -5.70522547e-02 1.76314149e+01 -4.94287586e-01 2.49366575e+00 -4.94287586e-01 8.34782672e+00
1.52913203e+01 -5.62742487e+00 1.76443833e+00 -5.62742487e+00 6.71456528e+00 -7.93469846e-01 1.76443833e+00 -7.93469846e-01 -3.83182716e+00
-8.90294170e+01 -2.76533151e+00 5.50022769e+00 -2.76533151e+00 -1.05981955e+02 3.56945550e+00 5.50022769e+00 3.56945550e+00 -2.39528343e+02
-1.02730713e+02 -7.11141825e-02 2.79554892e+00 -7.11141825e-02 -1.08276169e+02 1.39752865e-01 2.79554892e+00 1.39752865e-01 -2.58367981e+02
2.45693693e+01 4.53421116e+00 -8.85994998e-01 4.53421116e+00 2.34465831e+01 1.80359646e+00 -8.85994998e-01 1.80359646e+00 2.31444429e+01
3.16204197e+01 -2.46967235e+00 3.00560680e+00 -2.46967235e+00 3.15210714e+01 1.95439152e+00 3.00560680e+00 1.95439152e+00 3.56342020e+01
2.91634119e+01 -1.21276058e+00 3.53990898e-01 -1.21276058e+00 2.80937551e+01 1.78989335e+00 3.53990898e-01 1.78989335e+00 3.15935476e+01
1.79577881e+01 6.42120838e-01 3.10901624e+00 6.42120838e-01 1.68544295e+01 -3.03178917e+00 3.10901624e+00 -3.03178917e+00 2.15303092e+01
2.21300128e+01 1.10305867e+00 3.21852711e+00 1.10305867e+00 1.59395035e+01 1.23597164e+00 3.21852711e+00 1.23597164e+00 2.55993310e+01
2.88477266e+00 -7.07871550e+00 -7.72246838e-01 -7.07871550e+00 -4.17678142e+00 -9.11720425e-01 -7.72246838e-01 -9.11720425e-01 3.76749349e+00
2.76696804e+01 3.87278096e+00 3.30517530e+00 3.87278096e+00 1.38830109e+01 4.54346355e-01 3.30517530e+00 4.54346355e-01 3.35761914e+01
1.10059872e+01 5.73744774e+00 -1.01144021e+01 5.73744774e+00 2.15951405e+01 1.89048638e+01 -1.01144021e+01 1.89048638e+01 5.87720027e+01
2.50052748e+01 -2.52206790e+00 3.46335548e+00 -2.52206790e+00 2.90815611e+01 -3.61359978e+00 3.46335548e+00 -3.61359978e+00 3.88259430e+01
-2.40314054e+00 1.03955603e+01 -2.50688577e+00 1.03955603e+01 9.45860767e+00 2.08222408e+01 -2.50688577e+00 2.08222408e+01 -2.33695793e+01
1.97861528e+01 4.85278436e+00 -3.00513236e+00 4.85278436e+00 2.73025700e+01 -3.96012727e+00 -3.00513236e+00 -3.96012727e+00 1.32724991e+01
1.49383754e+01 3.54809711e-01 3.23380669e+00 3.54809711e-01 7.86798954e+00 2.50223332e+00 3.23380669e+00 2.50223332e+00 5.55250474e+00
-1.46605611e-01 4.56566438e+00 4.83428749e+00 4.56566438e+00 1.04413237e+01 -8.37657869e-01 4.83428749e+00 -8.37657869e-01 3.23335937e+00
-1.23445459e-01 -4.41661206e+00 -5.37415147e-01 -4.41661206e+00 6.65357900e+00 2.10452914e+00 -5.37415147e-01 2.10452914e+00 9.67863175e+00
3.30591369e+00 -1.90323853e+00 -6.88537121e-01 -1.90323853e+00 -7.08646059e+00 5.25413482e-02 -6.88537121e-01 5.25413482e-02 5.28228289e+00
-2.19059181e+00 -3.53374481e-01 -1.39907178e+00 -3.53374481e-01 -6.58411145e+00 -1.24254656e+00 -1.39907178e+00 -1.24254656e+00 2.98480868e+00
-9.56132126e+01 2.55598044e+00 -3.17610621e+00 2.55598044e+00 -6.57523499e+01 1.14189887e+00 -3.17610621e+00 1.14189887e+00 -2.01147385e+02
-1.41775620e+02 5.55260420e+00 8.28638136e-01 5.55260420e+00 -1.27377243e+02 1.43313146e+00 8.28638136e-01 1.43313146e+00 -3.21184967e+02
6.81873703e+00 -1.42701377e+00 1.33188184e+00 -1.42701377e+00 4.90383021e+00 2.05172423e+00 1.33188184e+00 2.05172423e+00 -1.73621712e+01
5.52662468e+00 -2.48839200e+00 3.93613887e+00 -2.48839200e+00 -4.16651917e+00 -9.89349857e-02 3.93613887e+00 -9.89349857e-02 -2.72071056e+01
1.80814334e+00 2.12632066e+00 -9.42048542e-02 2.12632066e+00 -5.86163282e-01 -8.43503412e-01 -9.42048542e-02 -8.43503412e-01 3.01731206e+00
1.21926407e+01 1.36673228e+00 3.47348253e-01 1.36673228e+00 2.62177947e+01 5.23206917e+00 3.47348253e-01 5.23206917e+00 2.38969795e+01
2.61526453e+00 1.53920484e+00 5.02977222e-01 1.53920484e+00 -6.41400075e+00 7.35169500e-01 5.02977222e-01 7.35169500e-01 -3.04924440e+00
6.64877939e+00 -1.54707825e+00 7.71854095e-01 -1.54707825e+00 2.78892231e+00 7.24732921e-01 7.71854095e-01 7.24732921e-01 -1.90605011e+01
1.77392845e+01 1.65696180e+00 -9.90097284e-01 1.65696180e+00 1.45039835e+01 1.21474154e-02 -9.90097284e-01 1.21474154e-02 5.12066936e+00
-1.16123152e+00 -1.02744663e+00 3.38980600e-01 -1.02744663e+00 -2.55208921e+00 3.95740622e+00 3.38980600e-01 3.95740622e+00 -3.40994029e+01
-5.91700864e+00 -2.27046570e+00 -2.36886036e-01 -2.27046570e+00 -1.61875496e+01 3.35871315e+00 -2.36886036e-01 3.35871315e+00 -5.18349686e+01
1.21187449e+01 3.02733332e+00 -2.40080659e+00 3.02733332e+00 3.59869766e+00 9.06247735e-01 -2.40080659e+00 9.06247735e-01 -1.31436367e+01
1.18163838e+01 -7.48469174e-01 -1.31582147e+00 -7.48469174e-01 2.61767406e+01 2.50687349e+00 -1.31582147e+00 2.50687349e+00 1.33959999e+01
2.06749220e+01 2.98050775e+00 -2.16908465e+00 2.98050775e+00 2.41420650e+01 1.36388174e+00 -2.16908465e+00 1.36388174e+00 2.28561926e+01
-5.95457476e+00 1.41013551e+00 -1.15533906e+00 1.41013551e+00 1.82114947e+00 6.35297373e-01 -1.15533906e+00 6.35297373e-01 3.86827621e+00
-4.48861361e+00 1.32659960e+00 -5.23475371e-02 1.32659960e+00 -3.95435929e-01 -9.04705971e-02 -5.23475371e-02 -9.04705971e-02 8.74811232e-01
</DataArray>
<DataArray type="Float32" Name="Logarithmic_strain_components" NumberOfComponents="9" format="ascii">
3.51621143e-02 -7.55394629e-03 2.55164824e-03 -7.55394629e-03 3.03385258e-02 7.19845756e-03 2.55164824e-03 7.19845756e-03 -5.43223307e-02
3.44582016e-02 -1.44834166e-02 -2.28236429e-04 -1.44834166e-02 3.78454553e-02 1.55322535e-02 -2.28236429e-04 1.55322535e-02 -6.06659986e-02
4.01653158e-02 -1.75520603e-03 3.05352360e-03 -1.75520603e-03 5.25247464e-02 -6.36181957e-03 3.05352360e-03 -6.36181957e-03 -7.86052123e-02
3.58892251e-02 -1.39784045e-03 -2.92077748e-03 -1.39784045e-03 4.12176065e-02 -2.42454931e-04 -2.92077748e-03 -2.42454931e-04 -6.56072013e-02
3.54718792e-02 3.25892149e-03 1.19556051e-02 3.25892149e-03 4.41147769e-02 9.03143315e-03 1.19556051e-02 9.03143315e-03 -6.53451220e-02
3.60032182e-02 -1.20099173e-02 -1.42954098e-02 -1.20099173e-02 5.70617419e-02 1.42242496e-02 -1.42954098e-02 1.42242496e-02 -7.74372891e-02
5.22651509e-02 -6.46469230e-03 -5.36974649e-03 -6.46469230e-03 6.32867627e-02 -1.18169824e-02 -5.36974649e-03 -1.18169824e-02 -9.83091276e-02
3.99571755e-02 1.61610692e-02 6.78367430e-03 1.61610692e-02 4.90913698e-02 1.53372221e-02 6.78367430e-03 1.53372221e-02 -7.48618683e-02
4.69992440e-02 4.27220599e-04 -2.19165679e-02 4.27220599e-04 4.95504155e-02 2.08856948e-02 -2.19165679e-02 2.08856948e-02 -8.57997555e-02
6.01996388e-02 -1.18511321e-04 -1.69558208e-02 -1.18511321e-04 6.61691763e-02 2.34715645e-02 -1.69558208e-02 2.34715645e-02 -1.13632292e-01
6.40872369e-02 2.96449273e-02 -9.47779231e-02 2.96449273e-02 5.86874758e-02 -1.65547159e-02 -9.47779231e-02 -1.65547159e-02 -1.06485029e-01
9.09612998e-02 2.47032084e-02 -6.91203680e-02 2.47032084e-02 5.07455803e-02 -1.21537447e-02 -6.91203680e-02 -1.21537447e-02 -1.23428479e-01
-4.19701712e-06 -2.92630384e-05 -1.28722759e-05 -2.92630384e-05 8.64687968e-06 1.27155276e-05 -1.28722759e-05 1.27155276e-05 -8.63919581e-06
-8.88525824e-06 -2.14594724e-06 -4.94995675e-06 -2.14594724e-06 -9.84196504e-07 -1.12135679e-05 -4.94995675e-06 -1.12135679e-05 5.16503451e-06
1.83499160e-05 -6.48542164e-06 -5.50967866e-06 -6.48542164e-06 -9.46444516e-07 2.86880806e-05 -5.50967866e-06 2.86880806e-05 -2.13111107e-05
1.12386592e-05 -3.37180572e-05 -5.53154678e-08 -3.37180572e-05 -3.53752603e-06 -2.46946893e-05 -5.53154678e-08 -2.46946893e-05 -1.27298033e-05
4.66713709e-06 1.02679523e-05 1.76217582e-05 1.02679523e-05 3.76424651e-07 7.83746054e-06 1.76217582e-05 7.83746054e-06 -1.72320802e-06
-2.41907196e-06 7.70192457e-07 5.14395742e-06 7.70192457e-07 -5.08291168e-06 7.51608184e-07 5.14395742e-06 7.51608184e-07 1.00867765e-05
-2.27731630e-06 2.48096649e-06 -1.17401860e-05 2.48096649e-06 3.79832431e-06 -2.54065453e-05 -1.17401860e-05 -2.54065453e-05 1.45181184e-06
-9.08807760e-06 1.18767130e-05 -6.64831214e-06 1.18767130e-05 -4.18944455e-06 1.67151720e-05 -6.64831214e-06 1.67151720e-05 1.62577671e-05
4.91960701e-02 8.70645454e-06 9.72262397e-03 8.70645454e-06 5.16552553e-02 -2.15494190e-03 9.72262397e-03 -2.15494190e-03 -8.51632468e-02
5.06893396e-02 2.50613166e-03 6.39288104e-03 2.50613166e-03 5.00043845e-02 2.80653758e-03 6.39288104e-03 2.80653758e-03 -8.50516725e-02
4.89150044e-02 -8.71212082e-03 1.14879382e-02 -8.71212082e-03 5.07941223e-02 3.85108560e-03 1.14879382e-02 3.85108560e-03 -8.37060101e-02
4.75128945e-02 1.83362397e-03 1.01951309e-02 1.83362397e-03 5.30317938e-02 -5.47184923e-03 1.01951309e-02 -5.47184923e-03 -8.49004332e-02
