<VTKFile type="UnstructuredGrid" version="0.1" byte_order="LittleEndian">
<UnstructuredGrid>
<Piece NumberOfPoints="173" NumberOfCells="80">
<Points>
<DataArray type="Float64" NumberOfComponents="3" format="ascii">
 0.00000000e+00  0.00000000e+00  0.00000000e+00
 1.04674208e+00  0.00000000e+00  0.00000000e+00
 1.04983401e+00  1.08322692e+00  0.00000000e+00
 0.00000000e+00  1.08029413e+00  0.00000000e+00
 0.00000000e+00  0.00000000e+00  9.01661634e-01
 1.04585886e+00  0.00000000e+00  8.97957444e-01
 1.04686832e+00  1.07769811e+00  9.02648926e-01
 0.00000000e+00  1.07656169e+00  9.04395700e-01
 2.09783006e+00  0.00000000e+00  0.00000000e+00
 2.09910727e+00  1.08922279e+00  0.00000000e+00
 2.09534860e+00  0.00000000e+00  8.91503453e-01
 2.09779382e+00  1.08109057e+00  8.96862268e-01
 3.15004158e+00  0.00000000e+00  0.00000000e+00
 3.15494704e+00  1.09771037e+00  0.00000000e+00
 3.15589619e+00  0.00000000e+00  8.85783732e-01
 3.14996219e+00  1.08399463e+00  8.86163235e-01
 4.21924210e+00  0.00000000e+00  0.00000000e+00
 4.20620728e+00  1.10383964e+00  0.00000000e+00
 4.22337246e+00  0.00000000e+00  8.77227783e-01
 4.20875406e+00  1.08432615e+00  8.80282760e-01
 5.28585672e+00  0.00000000e+00  0.00000000e+00
 5.27062893e+00  1.11105394e+00  0.00000000e+00
 5.29217768e+00  0.00000000e+00  8.68981242e-01
 5.28071690e+00  1.08734608e+00  8.74295354e-01
 6.36055088e+00  0.00000000e+00  0.00000000e+00
 6.31764269e+00  1.13759971e+00  0.00000000e+00
 6.35710335e+00  0.00000000e+00  8.67929816e-01
 6.34653854e+00  1.11252689e+00  8.62236619e-01
 1.05414748e+00  2.14918685e+00  0.00000000e+00
 0.00000000e+00  2.14678693e+00  0.00000000e+00
 1.04989862e+00  2.14437079e+00  9.14341092e-01
 0.00000000e+00  2.14066005e+00  9.15150106e-01
 2.10761094e+00  2.16169047e+00  0.00000000e+00
 2.09882975e+00  2.15154052e+00  9.12959039e-01
 3.15123701e+00  2.17261577e+00  0.00000000e+00
 3.14435768e+00  2.15991712e+00  9.21577036e-01
 4.18761015e+00  2.19480515e+00  0.00000000e+00
 4.19051266e+00  2.15869784e+00  9.18591976e-01
 5.21165085e+00  2.19537163e+00  0.00000000e+00
 5.22834921e+00  2.16378427e+00  9.23384786e-01
 6.24618721e+00  2.23420787e+00  0.00000000e+00
 6.27386093e+00  2.19962096e+00  9.23764348e-01
 1.05778503e+00  3.19042563e+00  0.00000000e+00
 0.00000000e+00  3.18701935e+00  0.00000000e+00
 1.05200636e+00  3.19163489e+00  9.29372728e-01
 0.00000000e+00  3.18964338e+00  9.30763900e-01
 2.11628270e+00  3.19298482e+00  0.00000000e+00
 2.10607743e+00  3.19418311e+00  9.43748653e-01
 3.14865613e+00  3.20191717e+00  0.00000000e+00
 3.14178061e+00  3.19911599e+00  9.83717680e-01
 4.15555143e+00  3.20890784e+00  0.00000000e+00
 4.14661932e+00  3.19716859e+00  1.00657284e+00
 5.17194414e+00  3.20102286e+00  0.00000000e+00
 5.17411518e+00  3.17855358e+00  1.01585865e+00
 6.17447233e+00  3.24231839e+00  0.00000000e+00
 6.18166590e+00  3.23913765e+00  1.00498056e+00
 1.06040657e+00  4.21307039e+00  0.00000000e+00
 0.00000000e+00  4.21786022e+00  0.00000000e+00
 1.05285978e+00  4.21576452e+00  9.38444197e-01
 0.00000000e+00  4.22147322e+00  9.36602354e-01
 2.11575317e+00  4.20866776e+00  0.00000000e+00
 2.10347891e+00  4.20446920e+00  9.56596017e-01
 3.14367199e+00  4.20172739e+00  0.00000000e+00
 3.13478780e+00  4.20040035e+00  9.91798043e-01
 4.14021873e+00  4.20765018e+00  0.00000000e+00
 4.13983822e+00  4.20764542e+00  9.99960661e-01
 6.14013481e+00  4.21070957e+00  0.00000000e+00
 5.14019203e+00  4.20900106e+00  0.00000000e+00
 6.14025784e+00  4.21074200e+00  9.99726474e-01
 5.14025497e+00  4.20893764e+00  1.00001752e+00
 1.05823183e+00  5.23450518e+00  0.00000000e+00
 0.00000000e+00  5.24504662e+00  0.00000000e+00
 1.05487752e+00  5.24231672e+00  9.36154008e-01
 0.00000000e+00  5.24684238e+00  9.28640723e-01
 2.11373186e+00  5.21617126e+00  0.00000000e+00
 2.09710789e+00  5.21988916e+00  9.49788868e-01
 3.13492441e+00  5.20298243e+00  0.00000000e+00
 3.12800169e+00  5.20746708e+00  9.87353802e-01
 4.13883305e+00  5.20774078e+00  0.00000000e+00
 4.13859367e+00  5.20775557e+00  1.00024390e+00
 5.13867855e+00  5.20910692e+00  0.00000000e+00
 5.13877344e+00  5.20908689e+00  1.00002861e+00
 6.13879776e+00  5.21046925e+00  0.00000000e+00
 6.13881493e+00  5.21040392e+00  1.00000799e+00
 1.06578565e+00  6.27164078e+00  0.00000000e+00
 0.00000000e+00  6.27648020e+00  0.00000000e+00
 1.05915833e+00  6.27311325e+00  9.22527909e-01
 0.00000000e+00  6.28369951e+00  9.16074276e-01
 2.12228513e+00  6.24040174e+00  0.00000000e+00
 2.10054874e+00  6.26038551e+00  9.28357720e-01
 3.14129925e+00  6.21469736e+00  0.00000000e+00
 3.13367605e+00  6.23209810e+00  9.67292309e-01
 4.13849306e+00  6.20837688e+00  0.00000000e+00
 4.13782406e+00  6.20840549e+00  1.00053704e+00
 5.13748598e+00  6.20896006e+00  0.00000000e+00
 5.13759661e+00  6.20904541e+00  9.99966562e-01
 6.13745070e+00  6.21042728e+00  0.00000000e+00
 6.13747692e+00  6.21039867e+00  9.99995112e-01
 0.00000000e+00  0.00000000e+00  1.81126928e+00
 1.04609859e+00  0.00000000e+00  1.80386901e+00
 1.04551303e+00  1.06552804e+00  1.81155658e+00
 0.00000000e+00  1.06632054e+00  1.81240296e+00
 2.10277247e+00  0.00000000e+00  1.79444385e+00
 2.09230828e+00  1.05866742e+00  1.79921353e+00
 3.15937352e+00  0.00000000e+00  1.78244102e+00
 3.15936947e+00  1.05829656e+00  1.78138697e+00
 4.23238945e+00  0.00000000e+00  1.76352739e+00
 4.22653627e+00  1.05869830e+00  1.77543819e+00
 5.30758190e+00  0.00000000e+00  1.75066304e+00
 5.29997540e+00  1.06074762e+00  1.76401460e+00
 6.36758471e+00  0.00000000e+00  1.74542475e+00
 6.38016272e+00  1.06896329e+00  1.75321579e+00
 1.03982592e+00  2.12858033e+00  1.82891333e+00
 0.00000000e+00  2.13535690e+00  1.83400583e+00
 2.08946872e+00  2.12764263e+00  1.82220674e+00
 3.14367247e+00  2.13198018e+00  1.81754899e+00
 4.21602106e+00  2.14748836e+00  1.79896629e+00
 5.29074335e+00  2.14984059e+00  1.80530500e+00
 6.35569906e+00  2.16137791e+00  1.79299998e+00
 1.03509462e+00  3.18648672e+00  1.85797608e+00
 0.00000000e+00  3.18959379e+00  1.86298108e+00
 2.07604623e+00  3.18821025e+00  1.87203217e+00
 3.06763840e+00  3.16081381e+00  2.01117301e+00
 1.03749084e+00  4.23459387e+00  1.88398445e+00
 0.00000000e+00  4.22840452e+00  1.87435937e+00
 2.08290911e+00  4.21386385e+00  1.91462743e+00
 3.10635209e+00  4.18030167e+00  1.96242237e+00
 1.04659331e+00  5.25451231e+00  1.87479019e+00
 0.00000000e+00  5.26246643e+00  1.86733007e+00
 2.07749510e+00  5.24158859e+00  1.89753032e+00
 3.13110828e+00  5.22338009e+00  1.92099512e+00
 1.04118764e+00  6.29937887e+00  1.84322202e+00
 0.00000000e+00  6.29839325e+00  1.83729529e+00
 2.07926583e+00  6.30586958e+00  1.85209262e+00
 3.14229536e+00  6.29200935e+00  1.85554719e+00
 5.13880968e+00  5.20913124e+00  2.00003386e+00
 6.13881063e+00  5.21042156e+00  2.00003195e+00
 6.13751841e+00  6.21042967e+00  1.99998271e+00
 5.13749075e+00  6.20914555e+00  1.99996555e+00
 0.00000000e+00  0.00000000e+00  2.71879816e+00
 1.05354130e+00  0.00000000e+00  2.71681404e+00
 1.05682349e+00  1.05885196e+00  2.72268867e+00
 0.00000000e+00  1.05658436e+00  2.72795630e+00
 2.11890793e+00  0.00000000e+00  2.70236468e+00
 2.10629749e+00  1.05068696e+00  2.71146321e+00
 3.17690086e+00  0.00000000e+00  2.68649006e+00
 3.17810154e+00  1.04600620e+00  2.69043779e+00
 4.24672365e+00  0.00000000e+00  2.67285252e+00
 4.24975443e+00  1.04771543e+00  2.66785669e+00
 5.32051945e+00  0.00000000e+00  2.65615773e+00
 5.32084322e+00  1.05062079e+00  2.65844131e+00
 6.38886738e+00  0.00000000e+00  2.65095711e+00
 6.38823843e+00  1.05166793e+00  2.65245271e+00
 1.04038584e+00  2.11139679e+00  2.74416614e+00
 0.00000000e+00  2.12657619e+00  2.74763322e+00
 2.10641670e+00  2.11367249e+00  2.72236466e+00
 3.16733027e+00  2.12023735e+00  2.67890692e+00
 4.24456692e+00  2.13273549e+00  2.66760468e+00
 5.31449556e+00  2.12531543e+00  2.67016673e+00
 6.37452793e+00  2.13372469e+00  2.66458178e+00
 1.03638422e+00  3.19050503e+00  2.78925490e+00
 0.00000000e+00  3.18719435e+00  2.78534698e+00
 2.09569669e+00  3.16738248e+00  2.75776505e+00
 1.03696311e+00  4.23612165e+00  2.82271338e+00
 0.00000000e+00  4.24484491e+00  2.81479168e+00
 2.08604956e+00  4.23667908e+00  2.85834646e+00
 1.03784394e+00  5.29337883e+00  2.80807543e+00
 0.00000000e+00  5.28684139e+00  2.80361533e+00
 2.08284855e+00  5.28853559e+00  2.81929922e+00
 3.10065055e+00  4.29354954e+00  3.02224827e+00
 3.12531352e+00  5.27957392e+00  2.79622316e+00
 1.04139614e+00  6.33768463e+00  2.77016091e+00
 0.00000000e+00  6.34222460e+00  2.75855231e+00
</DataArray>
</Points>
<PointData Tensors="Stress_Components,Plastic_strain_components" Vevtors="Spatial_displacement,Reaction_force" Scalars="Equivalent_plastic_strain,Stress_Mises,Stress_Max_Principal,Stress_Mid_Principal,Stress_Min_Principal,Stress_Pressure,Stress_Tresca,Stress_Third_Invariant,Plastic_strain_Max_Principal,Plastic_strain_Min_Principal">
<DataArray type="Float32" Name="Stress_Components" NumberOfComponents="9" format="ascii">
-3.11457729e+00 -1.10167628e-02 -1.21308463e-02 -1.10167628e-02 3.64911973e-01 8.32687877e-03 -1.21308463e-02 8.32687877e-03 -3.27789116e+01
-9.18723661e+00 2.14717209e-01 -5.74057689e-03 2.14717209e-01 -4.89583689e+00 -2.52109349e-01 -5.74057689e-03 -2.52109349e-01 -4.49896011e+01
-4.33764887e+00 4.11364038e-01 -3.61962959e-01 4.11364038e-01 -1.78019238e+00 -3.15433823e-01 -3.61962959e-01 -3.15433823e-01 -3.64912508e+01
-5.64987618e+00 8.93288255e-02 -3.81850019e-01 8.93288255e-02 -3.31753111e+00 1.71688935e-02 -3.81850019e-01 1.71688935e-02 -3.96132603e+01
-1.04507720e+00 -6.79950789e-03 -8.91907886e-02 -6.79950789e-03 2.13553506e+00 -2.20121205e-01 -8.91907886e-02 -2.20121205e-01 -2.86469860e+01
-6.17329812e+00 1.27497023e-01 3.36449321e-01 1.27497023e-01 -2.38812310e+00 -5.59179857e-01 3.36449321e-01 -5.59179857e-01 -3.90369687e+01
-2.87698559e+00 3.03909117e-01 -1.43859169e-01 3.03909117e-01 -3.47593412e-01 -3.19860518e-01 -1.43859169e-01 -3.19860518e-01 -3.33682234e+01
-4.70482218e+00 9.78579456e-02 -2.77841460e-01 9.78579456e-02 -2.15827358e+00 1.85091961e-01 -2.77841460e-01 1.85091961e-01 -3.73087244e+01
-1.17724605e+01 1.88840047e-01 -1.75605770e-02 1.88840047e-01 -6.79005146e+00 -4.50224087e-01 -1.75605770e-02 -4.50224087e-01 -4.97699890e+01
-1.28673594e+01 9.09045640e-01 -6.26817975e-01 9.09045640e-01 -8.67423749e+00 -4.72365385e-01 -6.26817975e-01 -4.72365385e-01 -5.30332869e+01
-7.68591917e+00 1.44282479e-01 3.95185210e-01 1.44282479e-01 -4.36705267e+00 -6.60419017e-02 3.95185210e-01 -6.60419017e-02 -4.29217875e+01
-7.23437151e+00 2.58241233e-01 -7.66891222e-01 2.58241233e-01 -3.71713476e+00 -1.13206984e+00 -7.66891222e-01 -1.13206984e+00 -4.15825348e+01
-1.46100428e+01 5.51897436e-01 -7.02696964e-02 5.51897436e-01 -9.72441196e+00 4.17935789e-01 -7.02696964e-02 4.17935789e-01 -5.60797596e+01
-2.11550875e+01 5.94557263e-01 -1.28489025e+00 5.94557263e-01 -1.49305178e+01 -1.20259048e+00 -1.28489025e+00 -1.20259048e+00 -6.86076534e+01
-6.77323306e+00 -5.08474879e-01 -6.28387831e-01 -5.08474879e-01 -4.88687485e+00 -5.44633835e-02 -6.28387831e-01 -5.44633835e-02 -4.25777253e+01
-1.26514482e+01 -4.37975483e-01 -3.94896116e-01 -4.37975483e-01 -7.99547511e+00 -9.12758678e-01 -3.94896116e-01 -9.12758678e-01 -5.19770478e+01
-1.91859896e+01 -1.43061668e+00 -1.03848901e-01 -1.43061668e+00 -1.50100305e+01 1.32906890e-01 -1.03848901e-01 1.32906890e-01 -6.67835026e+01
-3.04877285e+01 -1.35737266e+00 -2.48265889e+00 -1.35737266e+00 -1.91657208e+01 -1.79453168e-01 -2.48265889e+00 -1.79453168e-01 -8.24568980e+01
-8.36520600e+00 -1.34851018e+00 -3.01179228e-01 -1.34851018e+00 -7.21995282e+00 -1.10556869e-01 -3.01179228e-01 -1.10556869e-01 -4.67993345e+01
3.46202612e-01 -1.00090082e+00 -5.50764057e-01 -1.00090082e+00 1.64276925e+00 2.90439513e-01 -5.50764057e-01 2.90439513e-01 -2.77925383e+01
-1.94788215e+01 -4.41159993e-01 -2.14866415e-01 -4.41159993e-01 -1.32155653e+01 1.16344866e+00 -2.14866415e-01 1.16344866e+00 -6.49792061e+01
-1.23662628e+01 -3.08333714e+00 -2.08908337e+00 -3.08333714e+00 -6.81094849e+00 4.72423539e-01 -2.08908337e+00 4.72423539e-01 -4.95659766e+01
-1.23457348e+00 -5.04248582e-01 -2.46843286e-01 -5.04248582e-01 -2.08623171e-01 1.21037147e+00 -2.46843286e-01 1.21037147e+00 -3.14929695e+01
3.93586545e+00 -1.75944895e+00 -2.94275381e-01 -1.75944895e+00 4.25062485e+00 2.69024324e-01 -2.94275381e-01 2.69024324e-01 -2.09429460e+01
-4.76110115e+01 -4.67630911e+00 -2.21099913e-01 -4.67630911e+00 -3.50707741e+01 5.14859200e-01 -2.21099913e-01 5.14859200e-01 -1.18102211e+02
-6.45572853e+01 -5.20844507e+00 -2.99674511e+00 -5.20844507e+00 -3.90687399e+01 5.31394601e+00 -2.99674511e+00 5.31394601e+00 -1.37009148e+02
-2.68171617e+01 -5.63632965e-01 -1.83041787e+00 -5.63632965e-01 -1.85254258e+01 2.84815118e+00 -1.83041787e+00 2.84815118e+00 -7.81135588e+01
-2.50264306e+01 -1.76553819e+00 -1.17604553e+00 -1.76553819e+00 -1.83852038e+01 2.89634186e+00 -1.17604553e+00 2.89634186e+00 -7.56653939e+01
-1.60390735e+00 8.49143364e-01 -5.16428890e-01 8.49143364e-01 -3.65681481e+00 -4.03908366e-01 -5.16428890e-01 -4.03908366e-01 -3.55529375e+01
5.29141426e-02 1.96045302e-01 -4.91047174e-01 1.96045302e-01 -1.96284056e+00 5.74872550e-03 -4.91047174e-01 5.74872550e-03 -3.19612617e+01
-1.45196504e+00 5.19732092e-01 2.99929259e-02 5.19732092e-01 -1.73994263e+00 -7.27567293e-01 2.99929259e-02 -7.27567293e-01 -3.34186163e+01
1.60734844e+00 1.82051849e-01 8.13943280e-01 1.82051849e-01 1.07170725e+00 5.30316611e-02 8.13943280e-01 5.30316611e-02 -2.70765969e+01
-6.41723919e+00 2.65491497e+00 -8.62307237e-01 2.65491497e+00 -9.05962420e+00 -1.16838234e+00 -8.62307237e-01 -1.16838234e+00 -4.61534724e+01
-4.63445237e+00 2.04119297e+00 1.78329049e+00 2.04119297e+00 -5.57797626e+00 -3.23859021e-01 1.78329049e+00 -3.23859021e-01 -4.00250868e+01
2.02825356e+01 1.33359760e+00 -1.63293749e+00 1.33359760e+00 1.86594620e+01 -5.17823547e-01 -1.63293749e+00 -5.17823547e-01 1.09979602e+01
5.84387902e+00 1.67586620e+00 3.79599739e+00 1.67586620e+00 6.95690720e+00 -2.93350884e-01 3.79599739e+00 -2.93350884e-01 -1.67509450e+01
3.04401612e+01 -8.05766247e-01 -4.59425040e+00 -8.05766247e-01 2.49154406e+01 -1.86107239e-01 -4.59425040e+00 -1.86107239e-01 2.88520419e+01
-1.51246632e+01 -6.85524582e+00 8.72508565e+00 -6.85524582e+00 -1.14583213e+01 5.22628675e-01 8.72508565e+00 5.22628675e-01 -5.33812826e+01
2.96588305e+01 1.08519761e+00 -3.89132257e+00 1.08519761e+00 2.87849845e+01 2.35557090e-01 -3.89132257e+00 2.35557090e-01 3.07810001e+01
-3.82789580e+00 -5.01448149e+00 9.30885489e+00 -5.01448149e+00 -9.07737509e+00 2.53807307e+00 9.30885489e+00 2.53807307e+00 -3.60554475e+01
1.73408003e+01 -5.02143145e+00 -6.95518982e+00 -5.02143145e+00 6.02379036e+00 1.79245198e+00 -6.95518982e+00 1.79245198e+00 -3.61161041e+00
-4.19102936e+01 -1.19591776e+01 1.22380984e+01 -1.19591776e+01 -3.31589355e+01 5.82044431e+00 1.22380984e+01 5.82044431e+00 -1.01069743e+02
-1.03575945e-01 6.27464429e-01 1.68033451e-01 6.27464429e-01 -9.26651061e+00 -8.24582636e-01 1.68033451e-01 -8.24582636e-01 -3.88393455e+01
7.22152233e+00 2.63781726e-01 2.86222622e-01 2.63781726e-01 2.70068264e+00 2.07105372e-03 2.86222622e-01 2.07105372e-03 -1.88579049e+01
2.76019453e+00 1.01567628e-01 1.00549945e+00 1.01567628e-01 -4.07209635e+00 -6.30180057e-01 1.00549945e+00 -6.30180057e-01 -3.06207747e+01
7.36021599e+00 9.25525138e-02 8.20073649e-01 9.25525138e-02 4.46344316e+00 -3.11373865e-01 8.20073649e-01 -3.11373865e-01 -1.69600723e+01
1.72195981e+01 -1.85638860e-01 -7.71731511e-02 -1.85638860e-01 9.70686036e+00 -1.13185512e+00 -7.71731511e-02 -1.13185512e+00 -2.30742455e-01
1.56390074e+01 -1.63967215e-01 1.05379788e+00 -1.63967215e-01 5.34648836e+00 1.58932469e+00 1.05379788e+00 1.58932469e+00 -6.77414489e+00
3.00936179e+01 -3.74184791e-01 9.81899053e-02 -3.74184791e-01 2.82343929e+01 -2.33284782e+00 9.81899053e-02 -2.33284782e+00 3.18685417e+01
2.90369788e+01 -1.85196408e+00 -3.35345606e-01 -1.85196408e+00 2.63182325e+01 2.86885951e+00 -3.35345606e-01 2.86885951e+00 3.12001816e+01
2.33885352e+01 -2.63876639e+00 -2.54162073e-01 -2.63876639e+00 2.16427232e+01 -2.50491929e+00 -2.54162073e-01 -2.50491929e+00 2.91052640e+01
3.22512509e+01 6.60610517e-01 -1.03758548e+01 6.60610517e-01 3.32775941e+01 3.78079071e+00 -1.03758548e+01 3.78079071e+00 5.22344209e+01
3.35146268e+01 -1.02585902e+00 3.48887368e+00 -1.02585902e+00 3.46124833e+01 -4.07960581e-01 3.48887368e+00 -4.07960581e-01 3.43357487e+01
2.68787832e+01 4.94825220e+00 -9.72215382e+00 4.94825220e+00 3.53532829e+01 -1.11373077e+00 -9.72215382e+00 -1.11373077e+00 4.44889288e+01
1.84026068e+01 3.37084210e+00 -5.47463417e-01 3.37084210e+00 8.32901955e+00 1.47269690e+00 -5.47463417e-01 1.47269690e+00 3.03749719e+01
4.39356737e+01 1.03092399e+01 -5.35928452e+00 1.03092399e+01 3.22433450e+01 -1.59702975e+00 -5.35928452e+00 -1.59702975e+00 6.06989164e+01
2.88461332e+00 -8.00241888e-01 2.01793190e-01 -8.00241888e-01 -8.55899650e+00 -1.19520472e+00 2.01793190e-01 -1.19520472e+00 -3.40084326e+01
2.75700283e+00 -8.19532216e-01 2.60547251e-01 -8.19532216e-01 -5.05094337e+00 -4.82727904e-02 2.60547251e-01 -4.82727904e-02 -3.14270868e+01
8.86055622e+00 -1.16708689e+00 1.32850411e+00 -1.16708689e+00 2.34464401e+00 4.11854377e-02 1.32850411e+00 4.11854377e-02 -1.65913024e+01
5.68729711e+00 -6.47321060e-01 2.51219958e-01 -6.47321060e-01 7.30762571e-01 -1.29913906e-01 2.51219958e-01 -1.29913906e-01 -2.25855997e+01
1.65369438e+01 -2.26156951e+00 -9.54501998e-01 -2.26156951e+00 1.12576165e+01 -2.16732926e+00 -9.54501998e-01 -2.16732926e+00 1.38407803e+00
1.84662792e+01 -1.02723171e+00 -7.96923656e-01 -1.02723171e+00 1.37234851e+01 2.86539532e+00 -7.96923656e-01 2.86539532e+00 7.21277523e+00
1.97501429e+01 -7.44969398e-02 5.59505250e-01 -7.44969398e-02 2.53420110e+01 -2.73293298e+00 5.59505250e-01 -2.73293298e+00 2.00421395e+01
2.82660293e+01 6.95829148e-01 -5.24904942e-01 6.95829148e-01 3.31682040e+01 -2.04498523e+00 -5.24904942e-01 -2.04498523e+00 3.35537537e+01
2.16192937e+01 1.34438275e+00 7.92061580e-01 1.34438275e+00 2.52840840e+01 -2.17004787e+00 7.92061580e-01 -2.17004787e+00 2.60399133e+01
1.41133366e+01 3.19403189e+00 3.31384440e-01 3.19403189e+00 1.08083626e+01 2.24817753e+00 3.31384440e-01 2.24817753e+00 4.18554172e+00
-1.07755741e+01 -7.69711852e+00 1.56154245e-01 -7.69711852e+00 -3.17680852e+01 1.45034564e+00 1.56154245e-01 1.45034564e+00 -1.50871866e+01
1.32762588e+01 2.47559094e+00 -7.56600320e-01 2.47559094e+00 1.90313411e+01 8.95118865e-01 -7.56600320e-01 8.95118865e-01 1.53466748e+01
7.48526335e-01 -5.90103292e+00 1.35455501e+00 -5.90103292e+00 -2.09932547e+01 -1.84743144e+00 1.35455501e+00 -1.84743144e+00 -5.06115341e+00
2.26275444e+00 -2.69431082e+00 -2.56127206e+00 -2.69431082e+00 8.99645352e+00 -7.61871412e-01 -2.56127206e+00 -7.61871412e-01 -3.09440547e+00
4.10432254e+00 -2.19807607e+00 1.11473626e+00 -2.19807607e+00 -5.01302198e+00 -4.21858024e-01 1.11473626e+00 -4.21858024e-01 -2.90964131e+01
1.67884302e+00 -1.53817397e+00 4.61923905e-01 -1.53817397e+00 -6.55523968e+00 -1.62698934e-02 4.61923905e-01 -1.62698934e-02 -3.40512941e+01
1.03606535e+01 -1.35773400e+00 8.32095310e-01 -1.35773400e+00 6.27737781e+00 2.69878288e-01 8.32095310e-01 2.69878288e-01 -1.12480712e+01
4.82219493e+00 -7.52646551e-01 -1.22856721e-03 -7.52646551e-01 -1.46287489e+00 7.87026554e-01 -1.22856721e-03 7.87026554e-01 -2.55184542e+01
1.57675252e+01 -2.22998004e+00 3.83940613e-01 -2.22998004e+00 1.01947380e+01 -2.57347462e+00 3.83940613e-01 -2.57347462e+00 -1.06675386e-01
9.87539041e+00 -2.32031410e+00 -7.23834693e-01 -2.32031410e+00 5.90273534e+00 2.66213867e+00 -7.23834693e-01 2.66213867e+00 -1.11527495e+01
1.52282503e+01 2.20658977e+00 2.82650884e+00 2.20658977e+00 1.39094343e+01 -1.63668060e+00 2.82650884e+00 -1.63668060e+00 1.89392710e+00
1.55375032e+01 -1.88988876e+00 -1.44708086e+00 -1.88988876e+00 1.32528721e+01 3.29703773e+00 -1.44708086e+00 3.29703773e+00 3.54241498e+00
1.35975155e+01 2.78721222e+00 -2.77738482e-01 2.78721222e+00 1.87444053e+01 -1.91429001e+00 -2.77738482e-01 -1.91429001e+00 2.00592057e+01
1.36987695e+01 3.07004198e+00 3.37025111e+00 3.07004198e+00 8.56593060e+00 -1.03403950e+00 3.37025111e+00 -1.03403950e+00 9.90023404e+00
-2.50154614e-01 7.49344230e-01 -3.48735072e-01 7.49344230e-01 2.55610847e+00 1.73297167e+00 -3.48735072e-01 1.73297167e+00 4.45022684e+00
3.38399206e+00 6.09834385e-01 -8.25410658e-01 6.09834385e-01 1.01442546e+00 -6.92435658e-01 -8.25410658e-01 -6.92435658e-01 2.69820237e-01
2.93054068e+00 4.22025979e-01 -1.35673797e+00 4.22025979e-01 -7.91005468e+00 3.52572516e-01 -1.35673797e+00 3.52572516e-01 -1.75428414e+00
9.72151518e-01 -1.15082130e+00 9.99681647e-01 -1.15082130e+00 -5.58314296e+00 -2.39224133e-01 9.99681647e-01 -2.39224133e-01 -2.25332464e-01
-2.26459413e+01 -2.88583030e+00 1.40086728e+00 -2.88583030e+00 -3.37892170e+01 -1.50529522e+00 1.40086728e+00 -1.50529522e+00 -8.95182686e+01
-2.02481937e+01 -1.30665135e+00 1.65748572e+00 -1.30665135e+00 -3.55120087e+01 -3.86485681e-02 1.65748572e+00 -3.86485681e-02 -8.83236313e+01
-1.02196864e+01 -1.59802075e+00 1.53956413e-02 -1.59802075e+00 -1.71538936e+01 -1.05048089e+00 1.53956413e-02 -1.05048089e+00 -5.88715525e+01
-2.09152489e+01 -1.54125172e+00 2.31940806e-01 -1.54125172e+00 -3.17286930e+01 9.58287507e-01 2.31940806e-01 9.58287507e-01 -8.59012718e+01
-3.23985972e+01 -6.92482233e+00 6.00191629e+00 -6.92482233e+00 -4.19488239e+01 -5.83924747e+00 6.00191629e+00 -5.83924747e+00 -1.07067554e+02
-1.73622873e+01 -4.48287437e+00 3.25294107e-01 -4.48287437e+00 -1.76996715e+01 2.18012601e-01 3.25294107e-01 2.18012601e-01 -6.70249882e+01
2.24561691e-01 2.05053806e-01 5.46528065e+00 2.05053806e-01 1.37109280e+01 -2.83512723e+00 5.46528065e+00 -2.83512723e+00 -1.34861031e+01
-3.91569354e+01 -9.60340657e+00 2.84786801e-01 -9.60340657e+00 -3.37675438e+01 1.27930909e+01 2.84786801e-01 1.27930909e+01 -1.03306585e+02
2.65261002e+01 3.47941673e+00 -1.25000101e+00 3.47941673e+00 3.62041140e+01 -6.05558538e+00 -1.25000101e+00 -6.05558538e+00 4.92978685e+01
-1.55003760e+01 -1.02137316e+01 2.16152525e+00 -1.02137316e+01 -1.53000345e+01 8.98486280e+00 2.16152525e+00 8.98486280e+00 -1.87428854e+01
-5.24331368e+00 -9.23441172e-01 1.30959329e+00 -9.23441172e-01 2.24212956e+00 1.79077911e+00 1.30959329e+00 1.79077911e+00 5.35435973e+00
-3.50790358e+00 -6.73427979e-01 6.56287690e-01 -6.73427979e-01 2.81299014e+00 -2.57536948e+00 6.56287690e-01 -2.57536948e+00 3.60192125e+00
-1.92027342e+00 2.50101686e+00 -5.92539847e-01 2.50101686e+00 -2.18050194e+00 5.54763854e-01 -5.92539847e-01 5.54763854e-01 -6.17715299e-01
-4.08667791e+00 3.24251369e-01 -1.98298335e-01 3.24251369e-01 6.84339419e-01 1.40979737e+00 -1.98298335e-01 1.40979737e+00 5.22547645e-01
-1.62995720e+00 3.22413212e-03 -1.99477248e-01 3.22413212e-03 1.16653872e+00 -3.85890588e-01 -1.99477248e-01 -3.85890588e-01 -3.03783073e+01
-2.24631369e-01 8.75800187e-02 4.30945709e-01 8.75800187e-02 1.51856911e+00 -3.95423476e-01 4.30945709e-01 -3.95423476e-01 -2.85336351e+01
2.80424811e+00 -1.75273116e-01 -3.93129047e-02 -1.75273116e-01 4.78369810e+00 2.17779577e-01 -3.93129047e-02 2.17779577e-01 -2.17031770e+01
-2.11015356e+00 7.46381329e-03 -2.49265321e-01 7.46381329e-03 8.57675970e-01 2.07526062e-01 -2.49265321e-01 2.07526062e-01 -3.11919339e+01
5.24983987e+00 -7.83928491e-01 4.58668701e-01 -7.83928491e-01 5.22507751e+00 3.24012414e-01 4.58668701e-01 3.24012414e-01 -1.86520033e+01
3.86216883e+00 -3.71329026e-01 -3.61828287e-01 -3.71329026e-01 4.98339894e+00 -7.81485103e-01 -3.61828287e-01 -7.81485103e-01 -2.02605104e+01
2.91073167e+00 -4.66845287e-02 -3.59158102e-01 -4.66845287e-02 2.65277267e+00 7.67328534e-02 -3.59158102e-01 7.67328534e-02 -2.39769220e+01
6.89658910e+00 -3.08774962e-01 -5.62152622e-01 -3.08774962e-01 6.31866401e+00 -4.18645186e-01 -5.62152622e-01 -4.18645186e-01 -1.56789579e+01
4.17406577e+00 -2.82713640e-01 7.00711086e-02 -2.82713640e-01 2.64097115e+00 -1.76279901e-01 7.00711086e-02 -1.76279901e-01 -2.26106000e+01
5.61105049e+00 -5.37816624e-01 -2.65406084e-01 -5.37816624e-01 5.37204480e+00 7.43558101e-01 -2.65406084e-01 7.43558101e-01 -1.80336260e+01
1.07902664e+01 -4.94975492e-01 2.96914624e-02 -4.94975492e-01 9.60322009e+00 5.55497590e-01 2.96914624e-02 5.55497590e-01 -7.87567234e+00
4.91512182e+00 -4.22342077e-01 -3.51814702e-02 -4.22342077e-01 3.91329944e+00 6.23646173e-01 -3.51814702e-02 6.23646173e-01 -2.04483477e+01
8.35912776e+00 4.13238019e-01 -2.88722292e-01 4.13238019e-01 9.22613811e+00 1.68178380e+00 -2.88722292e-01 1.68178380e+00 -1.07602792e+01
4.20989013e+00 2.60469541e-01 -1.00533551e+00 2.60469541e-01 3.49819100e+00 1.07671703e+00 -1.00533551e+00 1.07671703e+00 -2.14877623e+01
5.92205362e+00 -4.25776902e-01 2.53121708e-01 -4.25776902e-01 7.06627977e+00 -7.66858481e-01 2.53121708e-01 -7.66858481e-01 -1.58716182e+01
-1.32901427e+00 -5.07314913e-01 1.31648373e+00 -5.07314913e-01 9.46058437e-01 4.18933027e-02 1.31648373e+00 4.18933027e-02 -3.01879808e+01
-9.05984776e+00 -1.58822898e-01 -4.98568081e-01 -1.58822898e-01 -5.24164297e+00 -7.01694105e-02 -4.98568081e-01 -7.01694105e-02 -4.85784481e+01
-6.43386443e+01 -9.21329500e+00 1.87186500e+01 -9.21329500e+00 -6.55003669e+01 6.70753622e-01 1.87186500e+01 6.70753622e-01 -1.49100546e+02
-4.45926867e+01 -7.08388506e-01 6.87440790e-01 -7.08388506e-01 -4.02535057e+01 2.50865081e+00 6.87440790e-01 2.50865081e+00 -1.21576136e+02
-4.09044793e+01 -1.51991175e+00 2.57608521e+00 -1.51991175e+00 -3.39783403e+01 5.06851089e+00 2.57608521e+00 5.06851089e+00 -1.09574077e+02
-4.77921219e+01 -4.47145486e+00 2.32538527e+00 -4.47145486e+00 -3.69964495e+01 6.54700512e+00 2.32538527e+00 6.54700512e+00 -1.18890980e+02
1.44896681e+01 -4.68535558e-02 7.51963142e-01 -4.68535558e-02 1.58793311e+01 -9.43771818e-01 7.51963142e-01 -9.43771818e-01 2.67354810e+00
1.17451290e+01 -2.42527632e-01 9.66226928e-01 -2.42527632e-01 1.15146586e+01 8.53159316e-02 9.66226928e-01 8.53159316e-02 -4.74234009e+00
-3.71164428e+01 -2.08302732e+00 5.91782256e+00 -2.08302732e+00 -3.23886412e+01 1.32399990e+01 5.91782256e+00 1.32399990e+01 -8.79572682e+01
6.24623852e+01 6.47780371e+00 -1.51930337e+01 6.47780371e+00 6.17164021e+01 -6.82000321e+00 -1.51930337e+01 -6.82000321e+00 9.33538780e+01
1.54962935e+01 -4.55992393e-01 1.85494434e+00 -4.55992393e-01 1.36749028e+01 5.34786934e-01 1.85494434e+00 5.34786934e-01 2.53642070e+00
1.61687473e+01 8.50937024e-01 1.38166541e-01 8.50937024e-01 1.59818481e+01 4.65802336e-01 1.38166541e-01 4.65802336e-01 4.76608303e+00
3.20351143e+01 -1.55284395e+00 -4.39446556e-01 -1.55284395e+00 3.03695879e+01 -1.10933905e+00 -4.39446556e-01 -1.10933905e+00 3.43225355e+01
2.58749615e+01 -5.63502299e-01 -4.53256321e+00 -5.63502299e-01 2.73313637e+01 -1.70085053e-01 -4.53256321e+00 -1.70085053e-01 2.80921731e+01
1.77790792e+01 8.01717266e-02 1.73259988e-01 8.01717266e-02 1.48904373e+01 2.89659556e-02 1.73259988e-01 2.89659556e-02 5.50977993e+00
1.10685405e+01 -6.84440862e-01 4.81363766e-01 -6.84440862e-01 9.01519501e+00 4.09668876e-01 4.81363766e-01 4.09668876e-01 -8.14062214e+00
6.00144893e+00 -2.82625605e+00 8.99172164e-01 -2.82625605e+00 5.13324755e+00 2.49924669e+00 8.99172164e-01 2.49924669e+00 -1.54771858e+01
-2.24062395e+01 -2.05276687e+00 -1.11753931e-01 -2.05276687e+00 -2.03580904e+01 6.36514997e+00 -1.11753931e-01 6.36514997e+00 -7.86609905e+01
-3.14765263e+00 -9.19317216e-01 4.39401045e-02 -9.19317216e-01 -3.84944820e+00 -8.28320440e-02 4.39401045e-02 -8.28320440e-02 -3.76446109e+01
-5.58979034e+00 -6.46492809e-01 -3.05047870e-01 -6.46492809e-01 -8.92921114e+00 1.55120903e+00 -3.05047870e-01 1.55120903e+00 -4.54811802e+01
-1.31640768e+01 -4.41410832e-01 1.44178477e+00 -4.41410832e-01 -6.50489616e+00 -2.90479736e+00 1.44178477e+00 -2.90479736e+00 -5.06208153e+01
-9.13388176e+01 -4.36698174e+00 -6.71996975e+00 -4.36698174e+00 -8.58208008e+01 4.89539909e+00 -6.71996975e+00 4.89539909e+00 -2.21557411e+02
-2.31152322e-01 -5.96091241e-01 -2.75117557e-01 -5.96091241e-01 3.32801146e-01 2.70647936e-01 -2.75117557e-01 2.70647936e-01 -4.89160553e-01
-4.32659566e-01 -3.94139644e-02 -9.16490108e-02 -3.94139644e-02 -1.22536570e-01 -2.25696500e-01 -9.16490108e-02 -2.25696500e-01 1.67832017e-01
6.92205518e-01 -1.66271858e-01 -1.29836336e-01 -1.66271858e-01 -1.11150112e-01 5.72664782e-01 -1.29836336e-01 5.72664782e-01 -9.68491882e-01
3.66003893e-01 -7.23168761e-01 4.20294106e-02 -7.23168761e-01 -1.83485338e-01 -5.16426951e-01 4.20294106e-02 -5.16426951e-01 -5.70068024e-01
1.48857069e+00 4.04424109e-02 1.39954016e-01 4.04424109e-02 2.26306820e+00 -1.24358945e-03 1.39954016e-01 -1.24358945e-03 -2.59647942e+01
2.24043281e+00 4.68490943e-01 1.52262081e-02 4.68490943e-01 2.21872768e+00 2.67500155e-01 1.52262081e-02 2.67500155e-01 -2.51433824e+01
6.70769677e+00 -1.80348155e-01 1.08970180e-02 -1.80348155e-01 7.29612973e+00 4.49519249e-01 1.08970180e-02 4.49519249e-01 -1.48181800e+01
2.03366071e+00 1.83560060e-01 1.20282072e-01 1.83560060e-01 3.43461442e+00 -1.93722308e-01 1.20282072e-01 -1.93722308e-01 -2.40637143e+01
7.27894449e+00 -7.92242445e-01 1.62056301e-01 -7.92242445e-01 6.58135164e+00 -7.12098563e-02 1.62056301e-01 -7.12098563e-02 -1.49891571e+01
6.03081042e+00 -4.81950457e-01 8.27822561e-01 -4.81950457e-01 6.03438827e+00 8.88135434e-01 8.27822561e-01 8.88135434e-01 -1.67326163e+01
6.47070771e+00 1.25741487e-01 2.89311163e-01 1.25741487e-01 5.54823816e+00 6.41066421e-01 2.89311163e-01 6.41066421e-01 -1.69091406e+01
1.14310412e+01 -3.88450115e-02 5.32938088e-02 -3.88450115e-02 1.00378076e+01 -6.89306087e-02 5.32938088e-02 -6.89306087e-02 -6.78316179e+00
9.05666211e+00 8.36954601e-02 -1.88536179e-01 8.36954601e-02 7.17144793e+00 4.98226503e-01 -1.88536179e-01 4.98226503e-01 -1.23259822e+01
6.07027942e+00 -6.45167381e-03 -4.68394265e-01 -6.45167381e-03 4.00117469e+00 1.33968315e-01 -4.68394265e-01 1.33968315e-01 -1.90158410e+01
1.23357384e+01 -1.97825085e-01 -4.70284778e-02 -1.97825085e-01 1.08149438e+01 4.56783678e-02 -4.70284778e-02 4.56783678e-02 -4.88071162e+00
1.01953242e+01 6.48573958e-02 -3.08342066e-01 6.48573958e-02 7.63833654e+00 1.06292468e-01 -3.08342066e-01 1.06292468e-01 -1.06137059e+01
1.25191188e+01 -8.83180033e-02 -1.37614368e-01 -8.83180033e-02 1.18672731e+01 -2.49317765e-01 -1.37614368e-01 -2.49317765e-01 -3.50017691e+00
1.77575947e+01 3.62630882e-01 -4.28055355e-01 3.62630882e-01 1.57800937e+01 8.06308538e-02 -4.28055355e-01 8.06308538e-02 6.24164867e+00
2.41025245e+00 -7.41540091e-01 1.32051083e+00 -7.41540091e-01 4.66504347e+00 1.12553351e-02 1.32051083e+00 1.12553351e-02 -2.18550355e+01
3.81424451e+00 -1.05808911e+00 8.43388695e-01 -1.05808911e+00 7.06098360e+00 -2.50415447e-01 8.43388695e-01 -2.50415447e-01 -1.79164190e+01
1.78401083e+01 3.02867809e+00 4.35417622e+00 3.02867809e+00 1.63252473e+01 3.62411074e+00 4.35417622e+00 3.62411074e+00 -1.17281437e-01
-8.37033783e+01 -7.31463774e+00 -1.84235343e+01 -7.31463774e+00 -8.47151398e+01 -2.14785991e+00 -1.84235343e+01 -2.14785991e+00 -1.90868636e+02
-5.34047413e+01 -1.38709235e+00 -3.99867243e+00 -1.38709235e+00 -4.86383414e+01 1.05997710e+00 -3.99867243e+00 1.05997710e+00 -1.39912663e+02
-3.56478677e+01 -1.75998579e+00 -1.61065742e-01 -1.75998579e+00 -3.10297360e+01 1.59703086e+00 -1.61065742e-01 1.59703086e+00 -1.01871672e+02
-3.08036623e+01 -2.87993312e+00 -7.71001145e-01 -2.87993312e+00 -2.15327148e+01 3.56571451e-01 -7.71001145e-01 3.56571451e-01 -8.57011070e+01
3.63215147e+00 1.35887431e-01 2.63804443e+00 1.35887431e-01 6.15909168e+00 5.73780347e-01 2.63804443e+00 5.73780347e-01 -1.87198363e+01
1.29411242e+01 5.15324147e-02 1.08982651e+00 5.15324147e-02 1.39039037e+01 -2.30261233e-01 1.08982651e+00 -2.30261233e-01 -8.21576715e-01
-1.13513675e+02 -1.24726965e+01 8.93857539e+00 -1.24726965e+01 -1.03695410e+02 -1.58879789e+01 8.93857539e+00 -1.58879789e+01 -2.36971481e+02
2.48274343e+01 -6.08691531e-02 -2.45427367e+00 -6.08691531e-02 2.48649190e+01 2.05473091e-01 -2.45427367e+00 2.05473091e-01 2.29588148e+01
1.40935742e+01 -3.79437201e-01 1.19007886e+00 -3.79437201e-01 1.42942356e+01 6.59192167e-01 1.19007886e+00 6.59192167e-01 1.06128168e+00
-6.15760944e+01 2.09768846e+00 6.05159566e+00 2.09768846e+00 -5.76606304e+01 1.99044881e+01 6.05159566e+00 1.99044881e+01 -1.37265137e+02
1.63651540e+01 5.82461683e-02 8.53929414e-01 5.82461683e-02 1.69639957e+01 -3.24797109e-01 8.53929414e-01 -3.24797109e-01 5.99264210e+00
1.47807649e+01 -6.40136544e-02 7.11601488e-02 -6.40136544e-02 1.46653861e+01 2.55507521e-01 7.11601488e-02 2.55507521e-01 1.89017820e+00
2.35958693e+01 -2.47533322e+00 3.26841776e+00 -2.47533322e+00 2.61630086e+01 8.33527531e-02 3.26841776e+00 8.33527531e-02 1.92530283e+01
5.06638680e+01 -1.48572996e-02 1.22375317e+01 -1.48572996e-02 5.41473618e+01 2.36489177e+00 1.22375317e+01 2.36489177e+00 9.83437500e+01
-7.54862423e+01 9.13868284e+00 -2.81989412e+01 9.13868284e+00 -8.00840379e+01 -1.73116811e+00 -2.81989412e+01 -1.73116811e+00 -1.76504346e+02
1.23393211e+01 -2.95082279e-01 3.63934107e-01 -2.95082279e-01 1.09559644e+01 4.32325792e-01 3.63934107e-01 4.32325792e-01 -5.22888088e+00
4.43717289e+00 -4.32972699e-01 -3.07743132e-01 -4.32972699e-01 6.44482899e+00 7.62583196e-01 -3.07743132e-01 7.62583196e-01 -1.82365475e+01
</DataArray>
<DataArray type="Float32" Name="Logarithmic_strain_components" NumberOfComponents="9" format="ascii">
4.55995537e-02 -1.43488433e-06 1.09581106e-06 -1.43488433e-06 7.71534070e-02 -1.54304726e-05 1.09581106e-06 -1.54304726e-05 -1.03611052e-01
4.75183334e-02 2.94337585e-03 5.04418267e-06 2.94337585e-03 7.97108524e-02 -8.40154622e-04 5.04418267e-06 -8.40154622e-04 -1.07910916e-01
4.85847387e-02 7.68183416e-03 -5.10814402e-03 7.68183416e-03 7.21545555e-02 -2.79583456e-03 -5.10814402e-03 -2.79583456e-03 -1.02168182e-01
4.83617336e-02 2.73158657e-03 -3.45908967e-03 2.73158657e-03 7.05621503e-02 4.03282320e-06 -3.45908967e-03 4.03282320e-06 -1.00803148e-01
4.45239972e-02 4.54687142e-06 3.00316385e-03 4.54687142e-06 7.34671466e-02 -4.03508404e-03 3.00316385e-03 -4.03508404e-03 -9.94734988e-02
4.67168782e-02 9.72917333e-04 5.18001767e-03 9.72917333e-04 7.49701448e-02 -5.92053059e-03 5.18001767e-03 -5.92053059e-03 -1.03021823e-01
4.75926413e-02 4.05175099e-03 7.77560014e-04 4.05175099e-03 6.95915911e-02 -6.17508541e-03 7.77560014e-04 -6.17508541e-03 -9.90771521e-02
4.65573063e-02 1.06005321e-03 8.98101222e-04 1.06005321e-03 6.87200055e-02 -1.96194515e-03 8.98101222e-04 -1.96194515e-03 -9.75898467e-02
5.01720645e-02 1.21148297e-03 6.83481312e-06 1.21148297e-03 8.52790847e-02 -2.35634611e-03 6.83481312e-06 -2.35634611e-03 -1.15070790e-01
5.08735096e-02 1.13382125e-02 -7.47572922e-03 1.13382125e-02 7.74175338e-02 -1.19698627e-03 -7.47572922e-03 -1.19698627e-03 -1.09251129e-01
5.24355583e-02 2.31390074e-03 5.95310831e-03 2.31390074e-03 7.68705010e-02 -4.41558797e-03 5.95310831e-03 -4.41558797e-03 -1.09736336e-01
5.06301806e-02 4.60890215e-03 -2.29090205e-03 4.60890215e-03 7.35289166e-02 -1.23058998e-02 -2.29090205e-03 -1.23058998e-02 -1.05271604e-01
5.60014341e-02 4.61517624e-03 -1.35410737e-05 4.61517624e-03 9.04028118e-02 5.48897497e-03 -1.35410737e-05 5.48897497e-03 -1.24782689e-01
5.38889766e-02 7.30342302e-03 -1.25204499e-02 7.30342302e-03 8.45038742e-02 -4.65040770e-03 -1.25204499e-02 -4.65040770e-03 -1.18849164e-01
5.99447815e-02 -5.58954489e-03 4.04424056e-04 -5.58954489e-03 7.85729196e-02 -3.62718879e-03 4.04424056e-04 -3.62718879e-03 -1.17637692e-01
5.54164778e-02 -4.01799250e-03 1.74476940e-03 -4.01799250e-03 7.84019744e-02 -7.23235102e-03 1.74476940e-03 -7.23235102e-03 -1.13799114e-01
6.23664875e-02 -1.22513473e-02 2.31890008e-05 -1.22513473e-02 9.54895392e-02 3.84094613e-03 2.31890008e-05 3.84094613e-03 -1.35088429e-01
5.58200525e-02 -8.90375231e-03 -1.76373445e-02 -8.90375231e-03 9.25642997e-02 2.29516224e-03 -1.76373445e-02 2.29516224e-03 -1.28193125e-01
6.63016066e-02 -1.36715057e-02 3.42022115e-03 -1.36715057e-02 8.12193993e-02 -3.38254910e-03 3.42022115e-03 -3.38254910e-03 -1.25382489e-01
6.36485186e-02 -1.40672028e-02 2.35998759e-03 -1.40672028e-02 7.66570913e-02 2.51664146e-03 2.35998759e-03 2.51664146e-03 -1.18500030e-01
6.55429214e-02 -1.42217251e-02 5.65415467e-05 -1.42217251e-02 1.02564264e-01 5.83186420e-03 5.65415467e-05 5.83186420e-03 -1.43852077e-01
5.74887134e-02 -1.97805683e-02 -2.12960308e-02 -1.97805683e-02 9.58199687e-02 9.17958212e-03 -2.12960308e-02 9.17958212e-03 -1.31287511e-01
6.74423706e-02 -1.07119388e-02 6.07483415e-03 -1.07119388e-02 8.62730648e-02 4.77168529e-03 6.07483415e-03 4.77168529e-03 -1.29913356e-01
6.78040269e-02 -1.71059464e-02 7.35618721e-03 -1.71059464e-02 7.94741986e-02 2.40824295e-03 7.35618721e-03 2.40824295e-03 -1.24069579e-01
6.09494857e-02 -4.02076691e-02 -4.28393541e-05 -4.02076691e-02 1.17794529e-01 -3.33508407e-03 -4.28393541e-05 -3.33508407e-03 -1.55718058e-01
5.07983211e-02 -3.08933277e-02 -2.17374042e-02 -3.08933277e-02 1.14091258e-01 2.68498762e-02 -2.17374042e-02 2.68498762e-02 -1.44423760e-01
5.95048293e-02 -9.82873235e-03 -6.36529783e-03 -9.82873235e-03 1.03369635e-01 2.06418545e-03 -6.36529783e-03 2.06418545e-03 -1.40222088e-01
6.28874218e-02 -1.68415427e-02 2.78295483e-04 -1.68415427e-02 9.33298245e-02 1.37504102e-02 2.78295483e-04 1.37504102e-02 -1.33363176e-01
5.27084516e-02 1.08522685e-02 -4.53489216e-03 1.08522685e-02 5.25184348e-02 -3.99413356e-03 -4.53489216e-03 -3.99413356e-03 -8.91901962e-02
5.27417623e-02 2.27807288e-03 -5.80192124e-03 2.27807288e-03 5.19846343e-02 8.85849295e-06 -5.80192124e-03 8.85849295e-06 -8.86648186e-02
4.87852124e-02 7.68095785e-03 4.85793711e-03 7.68095785e-03 5.59859429e-02 -7.97301700e-03 4.85793711e-03 -7.97301700e-03 -8.87271082e-02
4.83232904e-02 3.50558711e-03 8.93006555e-03 3.50558711e-03 5.46223791e-02 -9.04211411e-04 8.93006555e-03 -9.04211411e-04 -8.69824197e-02
5.01049282e-02 1.93308936e-02 -9.52606695e-03 1.93308936e-02 5.32448981e-02 -8.22848873e-03 -9.52606695e-03 -8.22848873e-03 -8.79521761e-02
4.84260786e-02 1.14663810e-02 9.55031137e-03 1.14663810e-02 5.73393395e-02 -4.56157850e-03 9.55031137e-03 -4.56157850e-03 -9.01968814e-02
4.14863145e-02 1.27404525e-02 -1.20219565e-02 1.27404525e-02 5.31156044e-02 -6.53711124e-03 -1.20219565e-02 -6.53711124e-03 -7.91431833e-02
4.65851240e-02 -6.98765673e-05 3.30893878e-02 -6.98765673e-05 6.02442138e-02 8.76302365e-05 3.30893878e-02 8.76302365e-05 -9.05481811e-02
3.61712556e-02 -1.36148046e-02 -3.41196340e-02 -1.36148046e-02 5.74122635e-02 2.57993030e-03 -3.41196340e-02 2.57993030e-03 -7.83276800e-02
4.59359375e-02 -2.40080450e-02 3.36163635e-02 -2.40080450e-02 6.48220672e-02 9.71008954e-03 3.36163635e-02 9.71008954e-03 -9.21534598e-02
3.68681913e-02 -2.91227610e-02 -2.97998535e-02 -2.91227610e-02 5.11026033e-02 1.56916957e-02 -2.97998535e-02 1.56916957e-02 -7.21649602e-02
4.75793909e-02 -3.23436872e-02 4.49812481e-02 -3.23436872e-02 5.93867935e-02 3.03544225e-02 4.49812481e-02 3.03544225e-02 -8.70440242e-02
3.87776969e-02 -3.25385770e-02 -3.23922075e-02 -3.25385770e-02 5.39690657e-02 2.61570755e-02 -3.23922075e-02 2.61570755e-02 -7.69451335e-02
4.79838165e-02 -4.41891290e-02 4.20544197e-02 -4.41891290e-02 6.92758573e-02 3.90020379e-02 4.20544197e-02 3.90020379e-02 -9.71196766e-02
5.60267754e-02 5.86005743e-03 1.18411388e-03 5.86005743e-03 3.09203193e-02 -5.45208238e-03 1.18411388e-03 -5.45208238e-03 -7.38173686e-02
5.44496346e-02 3.29375081e-03 2.52733461e-03 3.29375081e-03 3.31624523e-02 -7.55099973e-06 2.52733461e-03 -7.55099973e-06 -7.37131909e-02
5.17838919e-02 3.65154198e-03 1.10814489e-02 3.65154198e-03 3.50860567e-02 -3.77412348e-03 1.10814489e-02 -3.77412348e-03 -7.35193212e-02
4.89217583e-02 1.91784164e-03 1.27615116e-02 1.91784164e-03 3.77627015e-02 -1.51552606e-03 1.27615116e-02 -1.51552606e-03 -7.29436595e-02
4.49816817e-02 9.56051738e-03 1.21259165e-03 9.56051738e-03 2.37646238e-02 -9.75005608e-03 1.21259165e-03 -9.75005608e-03 -5.73285762e-02
4.63421671e-02 5.88904208e-03 2.11807787e-02 5.88904208e-03 2.81731103e-02 9.82424547e-03 2.11807787e-02 9.82424547e-03 -6.31215563e-02
