<VTKFile type="UnstructuredGrid" version="0.1" byte_order="LittleEndian">
<UnstructuredGrid>
<Piece NumberOfPoints="173" NumberOfCells="80">
<Points>
<DataArray type="Float64" NumberOfComponents="3" format="ascii">
 0.00000000e+00  0.00000000e+00  0.00000000e+00
 1.00002170e+00  0.00000000e+00  0.00000000e+00
 1.00002348e+00  1.00002873e+00  0.00000000e+00
 0.00000000e+00  1.00002742e+00  0.00000000e+00
 0.00000000e+00  0.00000000e+00  9.99883950e-01
 1.00002027e+00  0.00000000e+00  9.99883056e-01
 1.00002122e+00  1.00002658e+00  9.99884725e-01
 0.00000000e+00  1.00002611e+00  9.99885142e-01
 2.00004292e+00  0.00000000e+00  0.00000000e+00
 2.00004554e+00  1.00003195e+00  0.00000000e+00
 2.00004125e+00  0.00000000e+00  9.99880373e-01
 2.00004244e+00  1.00002766e+00  9.99885142e-01
 3.00006390e+00  0.00000000e+00  0.00000000e+00
 3.00006557e+00  1.00003457e+00  0.00000000e+00
 3.00006390e+00  0.00000000e+00  9.99879420e-01
 3.00006342e+00  1.00002718e+00  9.99883175e-01
 4.00008583e+00  0.00000000e+00  0.00000000e+00
 4.00008535e+00  1.00003445e+00  0.00000000e+00
 4.00008678e+00  0.00000000e+00  9.99880672e-01
 4.00008488e+00  1.00002563e+00  9.99880016e-01
 5.00010872e+00  0.00000000e+00  0.00000000e+00
 5.00010586e+00  1.00003541e+00  0.00000000e+00
 5.00011015e+00  0.00000000e+00  9.99880254e-01
 5.00010824e+00  1.00002551e+00  9.99879360e-01
 6.00013256e+00  0.00000000e+00  0.00000000e+00
 6.00012541e+00  1.00004196e+00  0.00000000e+00
 6.00013256e+00  0.00000000e+00  9.99878347e-01
 6.00013113e+00  1.00003040e+00  9.99875247e-01
 1.00002789e+00  2.00005245e+00  0.00000000e+00
 0.00000000e+00  2.00005102e+00  0.00000000e+00
 1.00002480e+00  2.00005078e+00  9.99892116e-01
 0.00000000e+00  2.00005007e+00  9.99888420e-01
 2.00005364e+00  2.00005579e+00  0.00000000e+00
 2.00004745e+00  2.00005484e+00  9.99902368e-01
 3.00007439e+00  2.00006127e+00  0.00000000e+00
 3.00006390e+00  2.00005412e+00  9.99920964e-01
 4.00008678e+00  2.00006795e+00  0.00000000e+00
 4.00008440e+00  2.00004125e+00  9.99925315e-01
 5.00009775e+00  2.00007010e+00  0.00000000e+00
 5.00010204e+00  2.00004411e+00  9.99922991e-01
 6.00011015e+00  2.00008035e+00  0.00000000e+00
 6.00011778e+00  2.00005221e+00  9.99920309e-01
 1.00003254e+00  3.00006819e+00  0.00000000e+00
 0.00000000e+00  3.00006819e+00  0.00000000e+00
 1.00002837e+00  3.00006819e+00  9.99901235e-01
 0.00000000e+00  3.00006914e+00  9.99894142e-01
 2.00006151e+00  3.00006819e+00  0.00000000e+00
 2.00005698e+00  3.00006652e+00  9.99924064e-01
 3.00008440e+00  3.00006843e+00  0.00000000e+00
 3.00007463e+00  3.00006461e+00  9.99968171e-01
 4.00009203e+00  3.00007725e+00  0.00000000e+00
 4.00007725e+00  3.00004506e+00  1.00002122e+00
 5.00009108e+00  3.00007796e+00  0.00000000e+00
 5.00009394e+00  3.00004601e+00  1.00001645e+00
 6.00009298e+00  3.00008297e+00  0.00000000e+00
 6.00009966e+00  3.00006533e+00  1.00000465e+00
 1.00003386e+00  4.00007820e+00  0.00000000e+00
 0.00000000e+00  4.00008106e+00  0.00000000e+00
 1.00003028e+00  4.00008011e+00  9.99904275e-01
 0.00000000e+00  4.00008297e+00  9.99898076e-01
 2.00006485e+00  4.00007248e+00  0.00000000e+00
 2.00005841e+00  4.00007057e+00  9.99926388e-01
 3.00008821e+00  4.00006676e+00  0.00000000e+00
 3.00007176e+00  4.00006390e+00  9.99966919e-01
 4.00008965e+00  4.00006437e+00  0.00000000e+00
 4.00007677e+00  4.00007010e+00  1.00000799e+00
 6.00008249e+00  4.00006580e+00  0.00000000e+00
 5.00008488e+00  4.00006390e+00  0.00000000e+00
 6.00008535e+00  4.00007010e+00  1.00000024e+00
 5.00008535e+00  4.00006723e+00  1.00000298e+00
 1.00003302e+00  5.00008965e+00  0.00000000e+00
 0.00000000e+00  5.00009441e+00  0.00000000e+00
 1.00003004e+00  5.00009203e+00  9.99899209e-01
 0.00000000e+00  5.00009632e+00  9.99894857e-01
 2.00006533e+00  5.00007963e+00  0.00000000e+00
 2.00005555e+00  5.00008106e+00  9.99909163e-01
 3.00009012e+00  5.00007105e+00  0.00000000e+00
 3.00007105e+00  5.00007391e+00  9.99949574e-01
 4.00009203e+00  5.00006771e+00  0.00000000e+00
 4.00007915e+00  5.00006914e+00  1.00000525e+00
 5.00008297e+00  5.00006628e+00  0.00000000e+00
 5.00008583e+00  5.00006628e+00  1.00000072e+00
 6.00008535e+00  5.00006485e+00  0.00000000e+00
 6.00008583e+00  5.00006485e+00  9.99998689e-01
 1.00003684e+00  6.00010681e+00  0.00000000e+00
 0.00000000e+00  6.00011063e+00  0.00000000e+00
 1.00003326e+00  6.00010824e+00  9.99890625e-01
 0.00000000e+00  6.00011444e+00  9.99888361e-01
 2.00007248e+00  6.00009394e+00  0.00000000e+00
 2.00005960e+00  6.00009823e+00  9.99893785e-01
 3.00009894e+00  6.00007915e+00  0.00000000e+00
 3.00007677e+00  6.00008631e+00  9.99935806e-01
 4.00009871e+00  6.00007153e+00  0.00000000e+00
 4.00008297e+00  6.00007343e+00  1.00000656e+00
 5.00008678e+00  6.00006485e+00  0.00000000e+00
 5.00008917e+00  6.00006628e+00  1.00000083e+00
 6.00008631e+00  6.00006485e+00  0.00000000e+00
 6.00008774e+00  6.00006390e+00  9.99999285e-01
 0.00000000e+00  0.00000000e+00  1.99977052e+00
 1.00001848e+00  0.00000000e+00  1.99976945e+00
 1.00001669e+00  1.00002158e+00  1.99977195e+00
 0.00000000e+00  1.00002384e+00  1.99977279e+00
 2.00003982e+00  0.00000000e+00  1.99976826e+00
 2.00003576e+00  1.00001574e+00  1.99976504e+00
 3.00006247e+00  0.00000000e+00  1.99976552e+00
 3.00006223e+00  1.00001311e+00  1.99976301e+00
 4.00008821e+00  0.00000000e+00  1.99976146e+00
 4.00008726e+00  1.00001478e+00  1.99977088e+00
 5.00011349e+00  0.00000000e+00  1.99976158e+00
 5.00011206e+00  1.00001657e+00  1.99976969e+00
 6.00013590e+00  0.00000000e+00  1.99975920e+00
 6.00013828e+00  1.00001764e+00  1.99976695e+00
 1.00001192e+00  2.00004554e+00  1.99977732e+00
 0.00000000e+00  2.00004888e+00  1.99978232e+00
 2.00003171e+00  2.00003624e+00  1.99979889e+00
 3.00005436e+00  2.00002956e+00  1.99980867e+00
 4.00008488e+00  2.00004053e+00  1.99977136e+00
 5.00011015e+00  2.00004005e+00  1.99977791e+00
 6.00013590e+00  2.00004315e+00  1.99977243e+00
 1.00001490e+00  3.00007176e+00  1.99979401e+00
 0.00000000e+00  3.00007010e+00  1.99979603e+00
 2.00002265e+00  3.00006533e+00  1.99985254e+00
 3.00001407e+00  3.00003743e+00  1.99998558e+00
 1.00002253e+00  4.00008583e+00  1.99981058e+00
 0.00000000e+00  4.00008631e+00  1.99979913e+00
 2.00003982e+00  4.00007868e+00  1.99985731e+00
 3.00005221e+00  4.00006199e+00  1.99992192e+00
 1.00002134e+00  5.00009871e+00  1.99979889e+00
 0.00000000e+00  5.00010300e+00  1.99979091e+00
 2.00003862e+00  5.00009108e+00  1.99982440e+00
 3.00005817e+00  5.00008392e+00  1.99984777e+00
 1.00001919e+00  6.00012159e+00  1.99977839e+00
 0.00000000e+00  6.00012159e+00  1.99978030e+00
 2.00003743e+00  6.00011683e+00  1.99978518e+00
 3.00005579e+00  6.00011063e+00  1.99980175e+00
 5.00008774e+00  5.00006628e+00  2.00000072e+00
 6.00008774e+00  5.00006342e+00  1.99999893e+00
 6.00009012e+00  6.00006390e+00  1.99999940e+00
 5.00008965e+00  6.00006628e+00  2.00000095e+00
 0.00000000e+00  0.00000000e+00  2.99965787e+00
 1.00001895e+00  0.00000000e+00  2.99965668e+00
 1.00001705e+00  1.00002122e+00  2.99966002e+00
 0.00000000e+00  1.00002301e+00  2.99966216e+00
 2.00004101e+00  0.00000000e+00  2.99965286e+00
 2.00003624e+00  1.00001419e+00  2.99965906e+00
 3.00006390e+00  0.00000000e+00  2.99965096e+00
 3.00006318e+00  1.00001025e+00  2.99965310e+00
 4.00008965e+00  0.00000000e+00  2.99965167e+00
 4.00008965e+00  1.00001311e+00  2.99964428e+00
 5.00011539e+00  0.00000000e+00  2.99964952e+00
 5.00011539e+00  1.00001776e+00  2.99964857e+00
 6.00014114e+00  0.00000000e+00  2.99964857e+00
 6.00013924e+00  1.00001931e+00  2.99964857e+00
 1.00000811e+00  2.00004077e+00  2.99967194e+00
 0.00000000e+00  2.00004888e+00  2.99967432e+00
 2.00002456e+00  2.00003266e+00  2.99963236e+00
 3.00005007e+00  2.00002599e+00  2.99961162e+00
 4.00008869e+00  2.00003982e+00  2.99964929e+00
 5.00011396e+00  2.00004005e+00  2.99964523e+00
 6.00013733e+00  2.00004196e+00  2.99964929e+00
 1.00000799e+00  3.00006819e+00  2.99971223e+00
 0.00000000e+00  3.00007272e+00  2.99968410e+00
 2.00001264e+00  3.00004244e+00  2.99966908e+00
 1.00001013e+00  4.00009251e+00  2.99972486e+00
 0.00000000e+00  4.00009680e+00  2.99969625e+00
 2.00002384e+00  4.00009680e+00  2.99980903e+00
 1.00001276e+00  5.00011683e+00  2.99969459e+00
 0.00000000e+00  5.00011253e+00  2.99969268e+00
 2.00001979e+00  5.00012541e+00  2.99971557e+00
 3.00002050e+00  4.00015736e+00  2.99993157e+00
 3.00002766e+00  5.00013876e+00  2.99975228e+00
 1.00000811e+00  6.00013494e+00  2.99967623e+00
 0.00000000e+00  6.00013447e+00  2.99966812e+00
</DataArray>
</Points>
<PointData Tensors="Stress_Components,Plastic_strain_components" Vevtors="Spatial_displacement,Reaction_force" Scalars="Equivalent_plastic_strain,Stress_Mises,Stress_Max_Principal,Stress_Mid_Principal,Stress_Min_Principal,Stress_Pressure,Stress_Tresca,Stress_Third_Invariant,Plastic_strain_Max_Principal,Plastic_strain_Min_Principal">
<DataArray type="Float32" Name="Stress_Components" NumberOfComponents="9" format="ascii">
-2.61720363e-02 -1.65309757e-08 -2.29920261e-08 -1.65309757e-08 2.13158995e-01 -1.51339918e-08 -2.29920261e-08 -1.51339918e-08 -5.76372671e+00
-3.22473329e-02 3.83031778e-02 7.23521225e-08 3.83031778e-02 2.70998284e-01 -2.94645699e-02 7.23521225e-08 -2.94645699e-02 -5.79976773e+00
7.25094960e-02 1.11373024e-01 -4.40990794e-02 1.11373024e-01 2.14544833e-01 -4.89801420e-02 -4.40990794e-02 -4.89801420e-02 -5.68124425e+00
7.26757883e-02 2.73175454e-02 -2.65372731e-02 2.73175454e-02 1.55704960e-01 5.54427970e-09 -2.65372731e-02 5.54427970e-09 -5.69399619e+00
-1.00046745e-01 -2.09183781e-09 2.37465678e-02 -2.09183781e-09 1.45138834e-01 -1.96215510e-02 2.37465678e-02 -1.96215510e-02 -5.72473001e+00
-9.72024822e-02 1.87876383e-02 3.49188056e-02 1.87876383e-02 1.52146727e-01 -7.10160043e-02 3.49188056e-02 -7.10160043e-02 -5.76112235e+00
-4.02496383e-02 6.28019588e-02 2.05862237e-02 6.28019588e-02 1.33781144e-01 -7.10851480e-02 2.05862237e-02 -7.10851480e-02 -5.67773896e+00
-5.04143154e-02 9.75555182e-03 8.78660264e-03 9.75555182e-03 1.09418139e-01 -8.44931207e-03 8.78660264e-03 -8.44931207e-03 -5.66665888e+00
-4.38692365e-02 5.60735762e-02 6.10962161e-08 5.60735762e-02 4.07592490e-01 -3.43016814e-02 6.10962161e-08 -3.43016814e-02 -5.90727997e+00
5.22869080e-02 1.73297282e-01 -8.88034068e-02 1.73297282e-01 3.39067221e-01 -6.46011103e-02 -8.88034068e-02 -6.46011103e-02 -5.61251748e+00
-9.01757265e-02 2.57739560e-02 9.85613354e-02 2.57739560e-02 1.54713051e-01 -6.99938089e-02 9.85613354e-02 -6.99938089e-02 -5.82607472e+00
-1.05676604e-02 7.03578492e-02 5.99922228e-02 7.03578492e-02 2.52963707e-01 -1.17614743e-01 5.99922228e-02 -1.17614743e-01 -5.78320742e+00
-6.48337584e-02 3.68219316e-02 -1.51485438e-08 3.68219316e-02 4.82607886e-01 -4.98285284e-04 -1.51485438e-08 -4.98285284e-04 -5.98450112e+00
5.94671853e-02 1.36319047e-01 -1.54678326e-01 1.36319047e-01 5.07332340e-01 -4.89028161e-02 -1.54678326e-01 -4.89028161e-02 -5.63681722e+00
-4.27613724e-02 -1.15830142e-02 7.89453853e-02 -1.15830142e-02 1.38224139e-01 -1.07676280e-02 7.89453853e-02 -1.07676280e-02 -5.87991464e+00
9.64993145e-04 -2.01744114e-02 2.09134755e-01 -2.01744114e-02 2.43417599e-01 -8.80537760e-02 2.09134755e-01 -8.80537760e-02 -5.82148778e+00
-6.60693347e-02 -9.41893831e-03 3.73693183e-08 -9.41893831e-03 4.37939227e-01 2.27978155e-02 3.73693183e-08 2.27978155e-02 -5.96858907e+00
7.51546472e-02 1.84252302e-02 -1.83707070e-01 1.84252302e-02 6.48429617e-01 -9.50346235e-03 -1.83707070e-01 -9.50346235e-03 -5.76689661e+00
2.88059374e-02 -4.17200876e-02 -1.42198252e-02 -4.17200876e-02 1.35808364e-01 3.30778139e-02 -1.42198252e-02 3.30778139e-02 -5.90252876e+00
2.85896240e-02 -4.23259585e-02 2.59682778e-01 -4.23259585e-02 -4.94592544e-02 -1.88331525e-02 2.59682778e-01 -1.88331525e-02 -5.68050140e+00
-3.29399514e-02 -5.20808175e-02 -1.11758709e-08 -5.20808175e-02 4.69778046e-01 2.90928604e-02 -1.11758709e-08 2.90928604e-02 -5.99602270e+00
6.41836766e-02 -3.46196396e-02 -2.05684796e-01 -3.46196396e-02 6.87115267e-01 4.51643337e-02 -2.05684796e-01 4.51643337e-02 -5.79872596e+00
5.15714112e-02 -3.60092055e-02 -1.79128312e-02 -3.60092055e-02 1.68043228e-01 2.59992224e-02 -1.79128312e-02 2.59992224e-02 -5.86330855e+00
2.90970374e-02 -3.29113184e-02 2.48884369e-01 -3.29113184e-02 -1.15095447e-02 1.19869653e-02 2.48884369e-01 1.19869653e-02 -5.72941190e+00
-6.47456720e-02 -1.45412385e-01 1.05239451e-07 -1.45412385e-01 6.82462513e-01 -2.32740492e-03 1.05239451e-07 -2.32740492e-03 -6.13427639e+00
4.06695232e-02 -9.58161494e-02 -2.39642359e-01 -9.58161494e-02 9.00565773e-01 1.13680948e-01 -2.39642359e-01 1.13680948e-01 -5.96994281e+00
1.11220079e-02 -2.94041317e-02 -6.38690218e-02 -2.94041317e-02 3.41884106e-01 -6.79708458e-03 -6.38690218e-02 -6.79708458e-03 -5.94312119e+00
3.73983569e-03 -5.17307036e-02 1.84597760e-01 -5.17307036e-02 1.43443078e-01 4.58762059e-02 1.84597760e-01 4.58762059e-02 -5.80142725e+00
3.02658238e-01 1.44516975e-01 -3.26061910e-02 1.44516975e-01 7.87643064e-03 -6.43404648e-02 -3.26061910e-02 -6.43404648e-02 -5.30984807e+00
3.09891298e-01 2.91935690e-02 -2.11574771e-02 2.91935690e-02 -4.32243571e-04 5.23577910e-08 -2.11574771e-02 5.23577910e-08 -5.49890614e+00
1.78162222e-01 1.25334287e-01 9.99902831e-02 1.25334287e-01 5.46383108e-02 -2.08924995e-02 9.99902831e-02 -2.08924995e-02 -5.44893950e+00
1.02864595e-01 1.77443991e-02 7.26273395e-02 1.77443991e-02 -3.16264499e-02 7.70073067e-02 7.26273395e-02 7.70073067e-02 -5.46262574e+00
2.73024765e-01 2.58988343e-01 -2.31731231e-02 2.58988343e-01 5.60937477e-02 -1.29603144e-01 -2.31731231e-02 -1.29603144e-01 -4.76719904e+00
1.08565196e-01 1.85228206e-01 1.99806020e-01 1.85228206e-01 1.02891730e-01 7.17257019e-02 1.99806020e-01 7.17257019e-02 -4.89739585e+00
1.18054412e-01 3.20154078e-01 -1.50313035e-01 3.20154078e-01 1.33376229e-01 -2.18583040e-01 -1.50313035e-01 -2.18583040e-01 -3.86645818e+00
9.00090741e-02 -2.12277169e-02 5.66465791e-01 -2.12277169e-02 1.58208595e-01 4.95101043e-02 5.66465791e-01 4.95101043e-02 -4.55922648e+00
7.72096515e-02 1.60027964e-01 -5.57254389e-01 1.60027964e-01 4.84234877e-01 -4.76953201e-02 -5.57254389e-01 -4.76953201e-02 -3.51976776e+00
3.53786011e-01 -1.59548740e-01 9.19382781e-01 -1.59548740e-01 4.67171576e-02 -9.41682234e-03 9.19382781e-01 -9.41682234e-03 -4.65263796e+00
1.35851160e-01 -2.73974882e-02 -5.40353000e-01 -2.73974882e-02 5.32196827e-01 8.84465761e-02 -5.40353000e-01 8.84465761e-02 -3.56373060e+00
2.40911556e-01 -2.87378469e-02 8.66747086e-01 -2.87378469e-02 9.22926736e-02 6.39062915e-02 8.66747086e-01 6.39062915e-02 -4.60507190e+00
1.57978743e-01 -1.29647069e-01 -5.83162606e-01 -1.29647069e-01 4.90683481e-01 1.53759286e-01 -5.83162606e-01 1.53759286e-01 -3.68644691e+00
1.54457214e-01 -1.39479801e-01 7.59126474e-01 -1.39479801e-01 2.89703949e-01 1.72959372e-01 7.59126474e-01 1.72959372e-01 -4.76799941e+00
5.14272258e-01 6.25846027e-02 -2.44227814e-03 6.25846027e-02 -2.35653400e-01 -8.53306595e-02 -2.44227814e-03 -8.53306595e-02 -4.88375711e+00
5.31913221e-01 5.84207795e-04 2.06144601e-02 5.84207795e-04 -1.96443796e-01 -1.95577741e-08 2.06144601e-02 -1.95577741e-08 -5.23365831e+00
4.19617534e-01 3.04580636e-02 1.62647415e-01 3.04580636e-02 -1.54634089e-01 1.28616009e-01 1.62647415e-01 1.28616009e-01 -5.06031942e+00
2.79690693e-01 -2.24730633e-02 1.19375255e-01 -2.24730633e-02 -2.20903834e-01 1.48219239e-01 1.19375255e-01 1.48219239e-01 -5.15344226e+00
4.26349603e-01 1.19163109e-01 -3.17871273e-02 1.19163109e-01 -3.06633045e-01 -9.44183934e-02 -3.17871273e-02 -9.44183934e-02 -3.81819552e+00
3.28592957e-01 7.79488446e-02 2.19881801e-01 7.79488446e-02 -3.05814422e-01 2.91622028e-01 2.19881801e-01 2.91622028e-01 -3.70406184e+00
1.39716525e-01 2.39533491e-01 -8.04222729e-02 2.39533491e-01 -3.77413990e-01 -2.04434674e-01 -8.04222729e-02 -2.04434674e-01 -1.82141501e+00
-2.56710646e-01 -8.21632668e-02 2.35370585e-01 -8.21632668e-02 -5.74490860e-01 4.24729834e-01 2.35370585e-01 4.24729834e-01 -1.42427984e+00
-5.25457752e-01 1.82563839e-01 -6.72243377e-01 1.82563839e-01 -6.46874507e-01 -3.05871129e-01 -6.72243377e-01 -3.05871129e-01 1.57872344e-01
-5.81739614e-01 -3.68923535e-01 5.67459504e-01 -3.68923535e-01 -4.30013478e-01 3.98124894e-01 5.67459504e-01 3.98124894e-01 -2.70577272e-03
-4.39810296e-01 -6.02830090e-02 -6.64762040e-01 -6.02830090e-02 -4.46776479e-01 5.36569580e-02 -6.64762040e-01 5.36569580e-02 2.12870707e-01
-3.03615252e-01 1.02985814e-01 5.39588511e-01 1.02985814e-01 -3.54707986e-01 -1.43415979e-01 5.39588511e-01 -1.43415979e-01 -1.53922612e-02
-9.20731723e-02 -1.87599611e-01 -3.66959691e-01 -1.87599611e-01 -4.63800326e-01 1.47311561e-01 -3.66959691e-01 1.47311561e-01 3.36356759e-02
-1.91726960e-01 6.50022952e-02 4.65362266e-01 6.50022952e-02 -7.72293210e-02 -9.89231281e-02 4.65362266e-01 -9.89231281e-02 -2.53280818e-01
5.96192911e-01 -8.26520715e-02 4.86508785e-02 -8.26520715e-02 -3.07701163e-01 -7.61894267e-02 4.86508785e-02 -7.61894267e-02 -4.74312270e+00
5.94811887e-01 -6.34772591e-02 3.59445754e-02 -6.34772591e-02 -2.70516202e-01 9.29576345e-08 3.59445754e-02 9.29576345e-08 -5.06514668e+00
4.24607035e-01 -1.10966210e-01 6.24486502e-02 -1.10966210e-01 -2.88131038e-01 1.77192282e-01 6.24486502e-02 1.77192282e-01 -4.73770612e+00
4.17441793e-01 -5.07712616e-02 6.47546262e-02 -5.07712616e-02 -2.79759720e-01 1.29321251e-01 6.47546262e-02 1.29321251e-01 -5.02712047e+00
5.35482191e-01 -7.58405812e-02 -4.36895089e-02 -7.58405812e-02 -3.63368314e-01 -1.34047747e-01 -4.36895089e-02 -1.34047747e-01 -3.66569996e+00
2.74877375e-01 -1.84114950e-01 -8.94624132e-02 -1.84114950e-01 -2.94130595e-01 3.92669515e-01 -8.94624132e-02 3.92669515e-01 -3.56295094e+00
2.35712461e-01 -2.77882973e-02 -6.00334927e-02 -2.77882973e-02 -2.25304715e-01 -3.44027117e-01 -6.00334927e-02 -3.44027117e-01 -1.66043007e+00
5.79288428e-02 -8.25183379e-02 -2.48350686e-01 -8.25183379e-02 -1.91376063e-01 4.82798760e-01 -2.48350686e-01 4.82798760e-01 -1.92790844e+00
-1.56585669e-01 -1.93234174e-02 1.24105359e-01 -1.93234174e-02 -2.09530463e-01 -2.67857283e-01 1.24105359e-01 -2.67857283e-01 2.04241032e-01
-9.98507539e-02 9.11343526e-02 -5.48408180e-03 9.11343526e-02 -3.62513835e-02 2.67661850e-01 -5.48408180e-03 2.67661850e-01 -2.57715682e-02
1.20621275e-01 -4.35076021e-02 9.03791189e-02 -4.35076021e-02 -1.43957942e-01 6.33636713e-02 9.03791189e-02 6.33636713e-02 2.42644329e-01
1.08489965e-02 -5.03947825e-02 6.47132869e-02 -5.03947825e-02 2.04737460e-02 9.95415635e-03 6.47132869e-02 9.95415635e-03 2.73868258e-01
7.06908461e-02 -8.85059163e-02 2.82180291e-02 -8.85059163e-02 6.27216473e-02 6.54479093e-03 2.82180291e-02 6.54479093e-03 8.58942978e-02
4.69948861e-02 -3.22318661e-02 -5.98640777e-02 -3.22318661e-02 2.04601960e-01 -6.28830070e-02 -5.98640777e-02 -6.28830070e-02 5.35952126e-02
5.83666876e-01 -1.25200387e-01 5.46642644e-02 -1.25200387e-01 -1.72853958e-01 -6.23236699e-02 5.46642644e-02 -6.23236699e-02 -4.97797322e+00
6.00409061e-01 -9.99804847e-02 3.63624766e-02 -9.99804847e-02 -1.52743485e-01 9.87784006e-08 3.63624766e-02 9.87784006e-08 -5.15536714e+00
4.04435487e-01 -1.28176673e-01 -4.72360577e-02 -1.28176673e-01 -1.69514679e-01 2.73066463e-02 -4.72360577e-02 2.73066463e-02 -4.94477290e+00
4.41244230e-01 -8.16786438e-02 -1.33114669e-02 -8.16786438e-02 -1.48307957e-01 9.05513130e-02 -1.33114669e-02 9.05513130e-02 -5.16419315e+00
6.19506136e-01 -1.11659824e-01 3.02192117e-02 -1.11659824e-01 -1.20276261e-01 -2.02283759e-01 3.02192117e-02 -2.02283759e-01 -4.35342467e+00
1.66114373e-01 -1.78246687e-01 -2.20319030e-01 -1.78246687e-01 -1.13607379e-01 2.46228457e-01 -2.20319030e-01 2.46228457e-01 -4.34887603e+00
2.74514493e-01 -1.01695040e-02 5.61601883e-02 -1.01695040e-02 -2.89787874e-02 -3.93834531e-01 5.61601883e-02 -3.93834531e-01 -2.38618892e+00
1.32368207e-01 -7.72696144e-02 -2.16313032e-01 -7.72696144e-02 5.87424984e-02 5.96236557e-01 -2.16313032e-01 5.96236557e-01 -3.22049121e+00
-3.29738364e-01 4.33494775e-02 2.84153074e-02 4.33494775e-02 -2.98866406e-02 -2.75619879e-01 2.84153074e-02 -2.75619879e-01 3.78651433e-02
4.62285616e-03 -1.33981479e-02 1.32120913e-02 -1.33981479e-02 -2.41718263e-01 2.57477179e-01 1.32120913e-02 2.57477179e-01 -8.46642312e-02
-6.05910562e-02 -1.29840756e-02 3.27761663e-03 -1.29840756e-02 1.00727159e-01 6.30825888e-02 3.27761663e-03 6.30825888e-02 1.13273973e-01
1.09129120e-01 -2.82966346e-04 -1.56480050e-02 -2.82966346e-04 -1.56976556e-02 -6.01422805e-03 -1.56480050e-02 -6.01422805e-03 2.50051176e-02
7.40859956e-02 1.26748718e-02 -3.53027973e-03 1.26748718e-02 -4.15652823e-02 5.98558434e-03 -3.53027973e-03 5.98558434e-03 -8.17279592e-02
1.99182739e-02 -2.00962679e-03 -1.27801225e-02 -2.00962679e-03 -5.94226591e-02 -2.35530921e-02 -1.27801225e-02 -2.35530921e-02 -4.52651953e-04
7.30370104e-01 -9.32116873e-02 2.89377561e-02 -9.32116873e-02 -5.70223611e-02 -7.59976134e-02 2.89377561e-02 -7.59976134e-02 -5.33743024e+00
7.79050648e-01 -7.98773617e-02 7.48976916e-02 -7.98773617e-02 -7.45085403e-02 1.62748620e-07 7.48976916e-02 1.62748620e-07 -5.41021824e+00
5.30140996e-01 -1.01903406e-01 -2.57348772e-02 -1.01903406e-01 -3.99867002e-02 -1.28116496e-01 -2.57348772e-02 -1.28116496e-01 -5.32803667e+00
5.60340345e-01 -1.25836648e-01 -2.52034487e-02 -1.25836648e-01 -6.41532186e-02 4.77535054e-02 -2.52034487e-02 4.77535054e-02 -5.40202069e+00
7.53402561e-01 -1.40556678e-01 8.48637857e-02 -1.40556678e-01 7.17129856e-02 -2.68718287e-01 8.48637857e-02 -2.68718287e-01 -4.96589732e+00
2.77003523e-01 -1.46731794e-01 -8.46026372e-02 -1.46731794e-01 8.92218049e-02 1.05652448e-01 -8.46026372e-02 1.05652448e-01 -5.10534060e+00
3.30702811e-01 -4.94162161e-02 1.49462692e-01 -4.94162161e-02 1.16220176e-01 -4.60620940e-01 1.49462692e-01 -4.60620940e-01 -2.88965416e+00
2.35276457e-01 -1.36632870e-01 -1.94995999e-02 -1.36632870e-01 1.90244184e-01 6.23064289e-01 -1.94995999e-02 6.23064289e-01 -3.97318308e+00
-4.77258131e-01 -1.25965546e-02 3.48260794e-02 -1.25965546e-02 -6.87414855e-02 -3.28468442e-01 3.48260794e-02 -3.28468442e-01 5.03520370e-02
-1.40041657e-01 -1.26199938e-01 6.11393601e-02 -1.26199938e-01 -2.30955904e-01 3.49440008e-01 6.11393601e-02 3.49440008e-01 -1.24648966e-01
-1.34024512e-01 9.74629447e-03 2.79562278e-02 9.74629447e-03 6.61666021e-02 5.16439416e-02 2.79562278e-02 5.16439416e-02 1.62024828e-01
4.73369037e-02 -1.21251357e-02 2.18255080e-02 -1.21251357e-02 -1.36402218e-02 -2.23271990e-02 2.18255080e-02 -2.23271990e-02 2.19290437e-02
-1.66615769e-02 2.07408015e-02 -1.88950989e-02 2.07408015e-02 -1.23528764e-04 3.36979628e-02 -1.88950989e-02 3.36979628e-02 -2.99763400e-02
-3.17361616e-02 1.60188368e-03 1.87124871e-03 1.60188368e-03 -1.00363153e-02 7.57116149e-03 1.87124871e-03 7.57116149e-03 7.66330492e-03
-2.08432943e-01 -4.40422809e-09 4.60148118e-02 -4.40422809e-09 1.49575649e-02 -2.38881502e-02 4.60148118e-02 -2.38881502e-02 -5.68778086e+00
-1.55686971e-01 -3.66498176e-02 5.22019807e-02 -3.66498176e-02 -8.46059924e-02 -3.66119591e-02 5.22019807e-02 -3.66119591e-02 -5.69864917e+00
-2.61655597e-01 -1.52043331e-01 2.60572257e-02 -1.52043331e-01 -6.00892227e-02 -1.22623278e-01 2.60572257e-02 -1.22623278e-01 -5.68847466e+00
-2.84234021e-01 -4.57125241e-02 9.03833929e-02 -4.57125241e-02 4.10710103e-02 -1.77011038e-02 9.03833929e-02 -1.77011038e-02 -5.62546957e+00
-3.72180436e-02 -8.31967816e-02 -6.71139378e-02 -8.31967816e-02 -3.00435513e-01 -4.40395947e-02 -6.71139378e-02 -4.40395947e-02 -5.69689238e+00
-1.74780057e-01 -1.72589630e-01 1.79099174e-01 -1.72589630e-01 -3.72381190e-01 -1.57780406e-01 1.79099174e-01 -1.57780406e-01 -5.83277172e+00
3.45744425e-02 -4.97140072e-03 -5.27974134e-02 -4.97140072e-03 -4.25894268e-01 -7.00095943e-02 -5.27974134e-02 -7.00095943e-02 -5.73288083e+00
-8.37710449e-02 -9.61716131e-02 2.72796365e-01 -9.61716131e-02 -5.41627720e-01 5.95779275e-02 2.72796365e-01 5.95779275e-02 -5.95085675e+00
4.86190598e-02 -1.63825084e-02 1.97808113e-01 -1.63825084e-02 -3.98311477e-01 -1.20554911e-02 1.97808113e-01 -1.20554911e-02 -5.78133583e+00
-1.13664113e-01 -8.32994701e-04 -2.68815383e-02 -8.32994701e-04 -3.03918546e-01 1.17880421e-01 -2.68815383e-02 1.17880421e-01 -6.06020588e+00
3.91850471e-02 -3.04525434e-02 1.68682475e-01 -3.04525434e-02 -2.62058325e-01 3.22104630e-02 1.68682475e-01 3.22104630e-02 -5.76032758e+00
-7.73527343e-02 -3.07005411e-03 8.97410200e-02 -3.07005411e-03 -3.00786235e-01 3.07584270e-02 8.97410200e-02 3.07584270e-02 -5.94648349e+00
1.07363649e-02 5.18539827e-02 1.62271380e-01 5.18539827e-02 -1.84819665e-01 3.75338886e-02 1.62271380e-01 3.75338886e-02 -5.70619226e+00
-7.53502492e-02 2.36476986e-02 2.34337896e-02 2.36476986e-02 -2.71901170e-01 2.75596343e-02 2.34337896e-02 2.75596343e-02 -5.89085948e+00
-3.96434281e-01 -1.52485585e-01 1.25356613e-01 -1.52485585e-01 -1.32084894e-02 -4.80394810e-04 1.25356613e-01 -4.80394810e-04 -5.64663666e+00
-3.96432482e-01 -7.27514587e-02 2.29899168e-01 -7.27514587e-02 7.04402374e-02 -1.04805605e-01 2.29899168e-01 -1.04805605e-01 -5.35324800e+00
-6.23656756e-03 -2.99442772e-01 6.28249339e-01 -2.99442772e-01 1.23912797e-01 9.35972982e-02 6.28249339e-01 9.35972982e-02 -6.31840651e+00
4.40959534e-01 -2.91149933e-01 1.16114845e+00 -2.91149933e-01 -1.72017872e-02 -3.46849141e-01 1.16114845e+00 -3.46849141e-01 -6.72332220e+00
6.02215426e-02 5.30259106e-02 -7.11134193e-03 5.30259106e-02 -2.92481445e-02 -2.75101233e-01 -7.11134193e-03 -2.75101233e-01 -6.85552740e+00
9.17958277e-02 -9.47665982e-03 1.28575791e-01 -9.47665982e-03 6.59202784e-03 1.37236950e-01 1.28575791e-01 1.37236950e-01 -6.76442885e+00
4.17131400e-02 1.30115747e-02 7.40753487e-03 1.30115747e-02 3.43070012e-02 8.99958126e-02 7.40753487e-03 8.99958126e-02 -6.67197013e+00
-4.91473177e-01 6.08755024e-02 3.47752009e-01 6.08755024e-02 -1.18914063e-01 3.77529401e-01 3.47752009e-01 3.77529401e-01 -4.90140098e+00
-1.62513900e-01 3.48134032e-02 2.10748646e-01 3.48134032e-02 -8.43212008e-04 -4.16678684e-02 2.10748646e-01 -4.16678684e-02 -5.15770435e+00
-2.82678735e-01 -1.98990218e-01 4.30097031e-01 -1.98990218e-01 5.11387644e-01 1.19068346e+00 4.30097031e-01 1.19068346e+00 -4.91312917e+00
-1.58625877e+00 -6.03147164e-01 6.11422837e-01 -6.03147164e-01 -5.57961378e-01 1.51140088e+00 6.11422837e-01 1.51140088e+00 -5.04007727e-01
-1.85687725e-02 -1.25083463e-02 1.76180112e-01 -1.25083463e-02 -2.85333160e-01 3.97214473e-01 1.76180112e-01 3.97214473e-01 -4.58812565e+00
8.69557988e-02 -1.04187410e-02 9.23728570e-02 -1.04187410e-02 -1.68881357e-01 2.38581505e-01 9.23728570e-02 2.38581505e-01 -5.06001616e+00
-2.39212526e-01 -9.74135624e-02 -9.16609509e-02 -9.74135624e-02 -3.41324144e-01 7.71256055e-01 -9.16609509e-02 7.71256055e-01 -3.37678490e+00
-6.18346780e-01 -5.45943280e-03 -8.38148981e-01 -5.45943280e-03 -1.77851657e-01 8.54058206e-01 -8.38148981e-01 8.54058206e-01 -2.24807040e+00
-3.29029001e-03 -1.60258984e-01 -8.17909455e-02 -1.60258984e-01 -6.46121036e-02 1.68596504e-01 -8.17909455e-02 1.68596504e-01 -5.07042402e+00
-5.35215624e-03 -8.62595364e-02 -2.64582201e-02 -8.62595364e-02 -1.64404075e-01 1.65560029e-01 -2.64582201e-02 1.65560029e-01 -5.10657465e+00
-3.83475383e-02 -1.78072384e-01 -2.85439020e-01 -1.78072384e-01 -1.92463878e-02 1.35970868e-01 -2.85439020e-01 1.35970868e-01 -4.84379685e+00
-2.23717764e-02 -1.04869622e-01 -5.75955927e-01 -1.04869622e-01 1.70171097e-01 3.68397497e-02 -5.75955927e-01 3.68397497e-02 -4.95024574e+00
-1.37488626e-01 -9.29787597e-02 -1.50332406e-01 -9.29787597e-02 3.70885227e-02 -2.09882675e-01 -1.50332406e-01 -2.09882675e-01 -5.38470733e+00
1.42458826e-04 4.65827668e-03 -1.45566333e-02 4.65827668e-03 -2.46309787e-02 -3.84981316e-02 -1.45566333e-02 -3.84981316e-02 -5.38395596e+00
-1.72879813e-01 -1.40689205e-01 -2.42297933e-01 -1.40689205e-01 1.39061496e-01 -2.69428154e-01 -2.42297933e-01 -2.69428154e-01 -5.74428368e+00
1.38548020e-01 -1.80810459e-01 -2.04616789e-01 -1.80810459e-01 4.70047891e-01 4.97324392e-03 -2.04616789e-01 4.97324392e-03 -6.60303998e+00
2.40622857e-03 -7.03762681e-03 -9.40315746e-04 -7.03762681e-03 1.34205841e-03 -1.03555708e-03 -9.40315746e-04 -1.03555708e-03 -1.17173470e-02
-3.14478995e-03 -3.11741536e-03 -3.07139102e-03 -3.11741536e-03 1.21855433e-03 4.51846980e-04 -3.07139102e-03 4.51846980e-04 -6.04304892e-03
3.83753132e-03 -4.03595361e-04 2.36498076e-03 -4.03595361e-04 3.60410195e-04 5.24544995e-03 2.36498076e-03 5.24544995e-03 -1.21669751e-02
4.65625554e-03 -4.32385621e-03 -3.92834190e-04 -4.32385621e-03 -4.24837045e-03 -5.30800223e-03 -3.92834190e-04 -5.30800223e-03 -8.37696716e-03
-2.19578214e-01 3.35930963e-08 8.85583311e-02 3.35930963e-08 -5.30029349e-02 -2.23488286e-02 8.85583311e-02 -2.23488286e-02 -5.73998332e+00
-1.79153301e-01 -4.01066430e-02 6.78643137e-02 -4.01066430e-02 -1.49182465e-01 -7.04125728e-03 6.78643137e-02 -7.04125728e-03 -5.74506223e+00
-2.32452163e-01 -2.04697161e-01 1.67280556e-01 -2.04697161e-01 -1.38253849e-01 3.65496723e-02 1.67280556e-01 3.65496723e-02 -5.75575012e+00
-2.87771992e-01 -3.79788512e-02 1.54819060e-01 -3.79788512e-02 1.79526841e-02 -4.30425284e-02 1.54819060e-01 -4.30425284e-02 -5.72414553e+00
-5.64319144e-02 -9.67055559e-02 1.31919350e-01 -9.67055559e-02 -4.01958317e-01 -1.53632904e-03 1.31919350e-01 -1.53632904e-03 -5.70783484e+00
-1.70621058e-01 -2.82434681e-01 -1.36106410e-01 -2.82434681e-01 -4.52776395e-01 2.65394073e-02 -1.36106410e-01 2.65394073e-02 -5.89925396e+00
2.73158876e-02 -1.73282302e-02 4.61147837e-02 -1.73282302e-02 -5.60943797e-01 5.71571579e-02 4.61147837e-02 5.71571579e-02 -5.71410990e+00
-1.05607790e-01 -1.56801909e-01 -3.30216731e-01 -1.56801909e-01 -6.75825797e-01 -1.11284950e-01 -3.30216731e-01 -1.11284950e-01 -5.99016958e+00
-3.07076517e-03 -3.32951243e-03 -1.56287458e-01 -3.32951243e-03 -5.23970999e-01 2.54270975e-02 -1.56287458e-01 2.54270975e-02 -5.75630152e+00
-8.60814130e-02 6.85910131e-02 9.98349348e-03 6.85910131e-02 -3.41479163e-01 -1.42734693e-02 9.98349348e-03 -1.42734693e-02 -6.16026634e+00
-3.80792791e-02 -3.37547547e-03 -1.92943169e-02 -3.37547547e-03 -3.63874763e-01 -1.00672131e-02 -1.92943169e-02 -1.00672131e-02 -5.77050030e+00
-1.18331384e-03 5.13393608e-02 -4.28942063e-02 5.13393608e-02 -2.02993585e-01 7.60827792e-02 -4.28942063e-02 7.60827792e-02 -6.07660508e+00
-5.43230325e-02 -3.65308039e-02 2.16035289e-03 -3.65308039e-02 -3.14392328e-01 6.76594675e-03 2.16035289e-03 6.76594675e-03 -5.70678115e+00
-3.15606843e-02 -4.10235662e-03 1.81550336e-02 -4.10235662e-03 -1.57548640e-01 1.70649278e-02 1.81550336e-02 1.70649278e-02 -5.95364296e+00
-6.32819990e-01 -2.63329575e-01 5.77176647e-01 -2.63329575e-01 -1.66072783e-01 -3.27756755e-01 5.77176647e-01 -3.27756755e-01 -5.69233268e+00
-5.55940442e-01 -1.67369738e-01 2.54094899e-01 -1.67369738e-01 1.40190637e-01 -5.22051426e-02 2.54094899e-01 -5.22051426e-02 -5.46837056e+00
-1.63695369e-01 -4.02036348e-01 1.57142865e-01 -4.02036348e-01 -3.98399992e-01 -4.47328930e-01 1.57142865e-01 -4.47328930e-01 -6.33472334e+00
5.65022531e-01 -4.56611856e-01 -1.44504522e+00 -4.56611856e-01 -2.02686002e-01 1.83357549e-01 -1.44504522e+00 1.83357549e-01 -7.22580204e+00
1.98162096e-01 1.30191875e-01 -2.63617374e-02 1.30191875e-01 -2.91664172e-02 3.18728196e-01 -2.63617374e-02 3.18728196e-01 -7.06131184e+00
4.19577770e-03 2.12711282e-04 -3.91884319e-02 2.12711282e-04 -8.62149700e-02 1.84115251e-02 -3.91884319e-02 1.84115251e-02 -6.30709004e+00
3.86496261e-03 5.31249773e-03 5.95215429e-03 5.31249773e-03 -2.70037167e-02 1.16417930e-01 5.95215429e-03 1.16417930e-01 -6.18686748e+00
-7.18889723e-01 -2.66028791e-01 6.67227583e-01 -2.66028791e-01 9.07528895e-02 -7.60008437e-02 6.67227583e-01 -7.60008437e-02 -5.62036828e+00
-6.86713859e-01 -9.18423086e-02 3.14420886e-01 -9.18423086e-02 -2.46319026e-02 5.84901601e-01 3.14420886e-01 5.84901601e-01 -5.01737726e+00
-6.45709708e-02 -6.24589972e-01 1.45979396e+00 -6.24589972e-01 9.45484060e-01 -1.87459815e+00 1.45979396e+00 -1.87459815e+00 -7.37092257e+00
-4.80913028e-01 3.55893629e-02 -5.39756034e-02 3.55893629e-02 3.86596152e-02 9.64529685e-01 -5.39756034e-02 9.64529685e-01 -5.08652564e+00
-5.16027100e-01 -9.03760437e-02 2.03967248e-01 -9.03760437e-02 -1.07756247e-01 5.96568629e-01 2.03967248e-01 5.96568629e-01 -4.87600195e+00
-7.51129068e-01 3.75471100e-01 -2.69167900e-01 3.75471100e-01 3.24567191e-01 1.67238334e+00 -2.69167900e-01 1.67238334e+00 -4.59021121e+00
-6.19044608e-01 1.15329378e-01 -1.11398597e-01 1.15329378e-01 -1.43923268e-01 1.43026413e-01 -1.11398597e-01 1.43026413e-01 -4.97935128e+00
-3.09940081e-01 8.47399645e-02 -7.03832880e-02 8.47399645e-02 -5.43059153e-02 4.19826871e-02 -7.03832880e-02 4.19826871e-02 -5.26065767e+00
-7.57670977e-01 7.75843333e-02 -8.05529816e-01 7.75843333e-02 1.07497466e-01 4.49948064e-01 -8.05529816e-01 4.49948064e-01 -5.44013827e+00
-1.09430444e+00 1.41590679e+00 -1.74714875e+00 1.41590679e+00 -1.72223270e+00 1.89362311e+00 -1.74714875e+00 1.89362311e+00 -5.48260391e-01
9.67829426e-02 5.55969993e-01 -1.77779154e+00 5.55969993e-01 6.19376004e-02 3.36843913e-01 -1.77779154e+00 3.36843913e-01 -6.55649050e+00
-4.82131869e-01 1.00978022e-01 7.35708680e-02 1.00978022e-01 6.24959953e-02 -1.29940044e-01 7.35708680e-02 -1.29940044e-01 -5.52158022e+00
-4.71437603e-01 1.07317185e-02 -1.02263875e-01 1.07317185e-02 1.00754790e-01 1.67111069e-01 -1.02263875e-01 1.67111069e-01 -5.54413247e+00
</DataArray>
<DataArray type="Float32" Name="Logarithmic_strain_components" NumberOfComponents="9" format="ascii">
2.21493192e-05 -1.22343678e-07 -3.23707411e-07 -1.22343678e-07 2.75469229e-05 -1.46838559e-07 -3.23707411e-07 -1.46838559e-07 -1.16543066e-04
2.16109120e-05 1.92923875e-06 3.91156561e-07 1.92923875e-06 2.84520247e-05 -1.23756456e-06 3.91156561e-07 -1.23756456e-06 -1.16469444e-04
2.32720954e-05 5.51964024e-06 -2.20908046e-06 5.51964024e-06 2.66038096e-05 -2.02310900e-06 -2.20908046e-06 -2.02310900e-06 -1.15013676e-04
2.36092264e-05 1.10422508e-06 -1.27886051e-06 1.10422508e-06 2.55490340e-05 -3.06242953e-07 -1.27886051e-06 -3.06242953e-07 -1.14735249e-04
2.04119742e-05 -1.35457441e-08 9.62347741e-07 -1.35457441e-08 2.63231768e-05 -1.00712731e-06 9.62347741e-07 -1.00712731e-06 -1.14002221e-04
2.04054650e-05 8.02352332e-07 1.81913683e-06 8.02352332e-07 2.64924397e-05 -3.30874849e-06 1.81913683e-06 -3.30874849e-06 -1.15849487e-04
2.14374707e-05 2.92992438e-06 1.01648020e-06 2.92992438e-06 2.55649852e-05 -3.39465453e-06 1.01648020e-06 -3.39465453e-06 -1.13471358e-04
2.12889277e-05 7.30400160e-07 3.08694775e-07 7.30400160e-07 2.51375136e-05 -6.47855344e-07 3.08694775e-07 -6.47855344e-07 -1.13690441e-04
2.10264589e-05 2.73324429e-06 1.54503681e-08 2.73324429e-06 3.20612853e-05 -1.69885482e-06 1.54503681e-08 -1.69885482e-06 -1.19812921e-04
2.20756119e-05 8.17331886e-06 -4.30357125e-06 8.17331886e-06 2.88458255e-05 -3.22012119e-06 -4.30357125e-06 -3.22012119e-06 -1.13951462e-04
2.10125272e-05 1.21504820e-06 4.84415250e-06 1.21504820e-06 2.66417674e-05 -3.44584407e-06 4.84415250e-06 -3.44584407e-06 -1.16716325e-04
2.20060895e-05 3.49960263e-06 2.69579499e-06 3.49960263e-06 2.82813273e-05 -5.50921570e-06 2.69579499e-06 -5.50921570e-06 -1.16681354e-04
2.08807842e-05 1.76098655e-06 -1.99824409e-07 1.76098655e-06 3.38822483e-05 7.69286572e-08 -1.99824409e-07 7.69286572e-08 -1.21002773e-04
2.16306757e-05 6.58818698e-06 -7.26446626e-06 6.58818698e-06 3.26579739e-05 -2.33931559e-06 -7.26446626e-06 -2.33931559e-06 -1.15196553e-04
2.20383849e-05 -5.51604330e-07 3.74859576e-06 -5.51604330e-07 2.63090524e-05 -5.21395478e-07 3.74859576e-06 -5.21395478e-07 -1.17880711e-04
2.23872880e-05 -9.28708047e-07 1.00552275e-05 -9.28708047e-07 2.80678501e-05 -4.16676113e-06 1.00552275e-05 -4.16676113e-06 -1.17468651e-04
2.07939474e-05 -4.66764234e-07 2.80047288e-07 -4.66764234e-07 3.27902872e-05 1.16435808e-06 2.80047288e-07 1.16435808e-06 -1.20847821e-04
2.19688363e-05 9.57139122e-07 -8.95597032e-06 9.57139122e-07 3.54027270e-05 -3.54851146e-07 -8.95597032e-06 -3.54851146e-07 -1.17826134e-04
2.36856304e-05 -2.03557084e-06 -1.93156609e-07 -2.03557084e-06 2.61678815e-05 1.68182093e-06 -1.93156609e-07 1.68182093e-06 -1.18419030e-04
2.36400501e-05 -2.06757756e-06 1.24489512e-05 -2.06757756e-06 2.16200409e-05 -9.63531555e-07 1.24489512e-05 -9.63531555e-07 -1.13568804e-04
2.14989386e-05 -2.37452150e-06 1.56467166e-07 -2.37452150e-06 3.30516687e-05 1.35896414e-06 1.56467166e-07 1.35896414e-06 -1.21498149e-04
2.17641277e-05 -1.55119130e-06 -9.84951998e-06 -1.55119130e-06 3.64458801e-05 2.14503990e-06 -9.84951998e-06 2.14503990e-06 -1.19143191e-04
2.40706609e-05 -1.40120818e-06 -9.29286060e-07 -1.40120818e-06 2.65284984e-05 1.38894021e-06 -9.29286060e-07 1.38894021e-06 -1.18240383e-04
2.34943777e-05 -1.75042764e-06 1.19479705e-05 -1.75042764e-06 2.26085939e-05 6.24729036e-07 1.19479705e-05 6.24729036e-07 -1.14440969e-04
2.09106493e-05 -7.00163218e-06 -9.78691048e-08 -7.00163218e-06 3.80959500e-05 4.29238696e-07 -9.78691048e-08 4.29238696e-07 -1.24111481e-04
2.07019248e-05 -4.60166977e-06 -1.19255906e-05 -4.60166977e-06 4.18316085e-05 5.29531576e-06 -1.19255906e-05 5.29531576e-06 -1.23245823e-04
2.26956317e-05 -1.36554331e-06 -2.79846859e-06 -1.36554331e-06 3.06369284e-05 -5.45993544e-07 -2.79846859e-06 -5.45993544e-07 -1.20100616e-04
2.31386471e-05 -2.45898423e-06 8.91289460e-06 -2.45898423e-06 2.59061444e-05 2.19852822e-06 8.91289460e-06 2.19852822e-06 -1.16680858e-04
2.73743130e-05 7.01025897e-06 -1.63648355e-06 7.01025897e-06 2.05204910e-05 -3.40405228e-06 -1.63648355e-06 -3.40405228e-06 -1.07525264e-04
2.85490514e-05 1.30702267e-06 -7.99968831e-07 1.30702267e-06 2.08489064e-05 -1.32027409e-07 -7.99968831e-07 -1.32027409e-07 -1.10904613e-04
2.51980571e-05 5.84634418e-06 4.85222668e-06 5.84634418e-06 2.21665478e-05 -1.15352236e-06 4.85222668e-06 -1.15352236e-06 -1.09856375e-04
2.42076831e-05 7.08030946e-07 3.43521728e-06 7.08030946e-07 2.07592084e-05 3.80054382e-06 3.43521728e-06 3.80054382e-06 -1.09823872e-04
2.44051143e-05 1.25165293e-05 -1.16778543e-06 1.25165293e-05 1.91505276e-05 -6.17544322e-06 -1.16778543e-06 -6.17544322e-06 -9.66585358e-05
2.12303003e-05 8.82020771e-06 9.65578897e-06 8.82020771e-06 2.12279260e-05 3.22312155e-06 9.65578897e-06 3.22312155e-06 -9.86794548e-05
1.72103391e-05 1.54839879e-05 -7.36952677e-06 1.54839879e-05 1.79798194e-05 -1.04887329e-05 -7.36952677e-06 -1.04887329e-05 -7.83344713e-05
1.93006551e-05 -1.13805582e-06 2.71138655e-05 -1.13805582e-06 2.09097595e-05 2.46940687e-06 2.71138655e-05 2.46940687e-06 -9.22359967e-05
1.35847955e-05 7.52918544e-06 -2.68296276e-05 7.52918544e-06 2.32257994e-05 -2.32261425e-06 -2.68296276e-05 -2.32261425e-06 -7.26289400e-05
2.57362520e-05 -7.54358018e-06 4.41239272e-05 -7.54358018e-06 1.83330570e-05 -2.60057808e-07 4.41239272e-05 -2.60057808e-07 -9.47693788e-05
1.48825058e-05 -1.40188183e-06 -2.58976893e-05 -1.40188183e-06 2.41572016e-05 4.25107964e-06 -2.58976893e-05 4.25107964e-06 -7.40567048e-05
2.26360412e-05 -1.38887129e-06 4.16000815e-05 -1.38887129e-06 1.91337504e-05 3.09492215e-06 4.16000815e-05 3.09492215e-06 -9.35970614e-05
1.59545764e-05 -6.22289258e-06 -2.80479644e-05 -6.22289258e-06 2.40047339e-05 7.62405239e-06 -2.80479644e-05 7.62405239e-06 -7.63744683e-05
2.09305226e-05 -6.93119925e-06 3.62292873e-05 -6.93119925e-06 2.44174092e-05 8.48634894e-06 3.62292873e-05 8.48634894e-06 -9.68561386e-05
3.07882101e-05 2.97915858e-06 -1.27892806e-07 2.97915858e-06 1.28557865e-05 -4.26133670e-06 -1.27892806e-07 -4.26133670e-06 -9.85234219e-05
3.23756231e-05 3.82997278e-08 9.89604700e-07 3.82997278e-08 1.47262972e-05 1.82694812e-07 9.89604700e-07 1.82694812e-07 -1.05801701e-04
2.92262021e-05 1.52086042e-06 7.66937731e-06 1.52086042e-06 1.54759759e-05 6.19740439e-06 7.66937731e-06 6.19740439e-06 -1.02387897e-04
2.72469324e-05 -1.16713488e-06 5.75606646e-06 -1.16713488e-06 1.51045845e-05 7.09626204e-06 5.75606646e-06 7.09626204e-06 -1.03207998e-04
2.50359726e-05 5.65150168e-06 -1.56476969e-06 5.65150168e-06 7.71886272e-06 -4.47139951e-06 -1.56476969e-06 -4.47139951e-06 -7.63435764e-05
2.26145264e-05 3.69125021e-06 1.05739556e-05 3.69125021e-06 7.28088125e-06 1.39303389e-05 1.05739556e-05 1.39303389e-05 -7.41042732e-05
