<VTKFile type="UnstructuredGrid" version="0.1" byte_order="LittleEndian">
<UnstructuredGrid>
<Piece NumberOfPoints="191" NumberOfCells="79">
<Points>
<DataArray type="Float64" NumberOfComponents="3" format="ascii">
 1.02209032e+00  5.14058161e+00  1.93481970e+00
 2.03794909e+00  5.13476515e+00  1.94960892e+00
 2.03809810e+00  6.16864347e+00  1.92478979e+00
 1.01817966e+00  6.16386175e+00  1.91648638e+00
 1.01793444e+00  5.16166639e+00  2.90134811e+00
 2.04156327e+00  5.16119719e+00  2.90454364e+00
 2.03425002e+00  6.20556641e+00  2.87327337e+00
 1.01936948e+00  6.18418455e+00  2.88165140e+00
 3.06676722e+00  5.12499142e+00  1.95962369e+00
 3.07237244e+00  6.16354179e+00  1.92561996e+00
 3.06892037e+00  5.15439653e+00  2.89196157e+00
 3.10003233e+00  6.19764376e+00  2.83178949e+00
 5.06755495e+00  5.12491846e+00  2.00002265e+00
 6.06755590e+00  5.12799072e+00  2.00001049e+00
 6.06447649e+00  6.12799883e+00  1.99998951e+00
 5.06445312e+00  6.12492704e+00  1.99998116e+00
 5.06755733e+00  5.12495375e+00  3.00001001e+00
 6.06754494e+00  5.12803793e+00  3.00001884e+00
 6.06446362e+00  6.12802362e+00  2.99997902e+00
 5.06448269e+00  6.12493896e+00  2.99999189e+00
 0.00000000e+00  0.00000000e+00  2.83558011e+00
 1.03100705e+00  0.00000000e+00  2.83381629e+00
 1.03206229e+00  1.03345418e+00  2.83927631e+00
 0.00000000e+00  1.03248763e+00  2.84342051e+00
 0.00000000e+00  0.00000000e+00  3.77926755e+00
 1.04257238e+00  0.00000000e+00  3.77908182e+00
 1.04347456e+00  1.03265989e+00  3.78131223e+00
 0.00000000e+00  1.03081560e+00  3.78689218e+00
 2.06840301e+00  0.00000000e+00  2.82304001e+00
 2.06051254e+00  1.02728629e+00  2.83080006e+00
 2.08240199e+00  0.00000000e+00  3.77221870e+00
 2.08433533e+00  1.03415251e+00  3.77165127e+00
 3.10180593e+00  0.00000000e+00  2.81135774e+00
 3.10243750e+00  1.02303457e+00  2.81410122e+00
 3.12234330e+00  0.00000000e+00  3.76001191e+00
 3.11882424e+00  1.03001142e+00  3.76014185e+00
 4.14212227e+00  0.00000000e+00  2.80048084e+00
 4.14390564e+00  1.02441680e+00  2.79649568e+00
 4.15652084e+00  0.00000000e+00  3.75027394e+00
 4.15520287e+00  1.02443910e+00  3.74473906e+00
 5.18288231e+00  0.00000000e+00  2.78644252e+00
 5.18419695e+00  1.02659786e+00  2.78890753e+00
 5.18848991e+00  0.00000000e+00  3.74401665e+00
 5.18847322e+00  1.02263784e+00  3.73407364e+00
 6.21947718e+00  0.00000000e+00  2.78066826e+00
 6.22072697e+00  1.02554119e+00  2.78359365e+00
 6.21341991e+00  0.00000000e+00  3.74178386e+00
 6.22219944e+00  1.02113509e+00  3.73399067e+00
 1.02153277e+00  2.06245852e+00  2.85594821e+00
 0.00000000e+00  2.07186151e+00  2.85843849e+00
 1.04312289e+00  2.06719613e+00  3.80046797e+00
 0.00000000e+00  2.06751084e+00  3.80229688e+00
 2.05800295e+00  2.06226563e+00  2.83696294e+00
 2.09012961e+00  2.07049584e+00  3.77701855e+00
 3.09510517e+00  2.06760216e+00  2.80494118e+00
 3.12447429e+00  2.06567621e+00  3.73389864e+00
 4.14272499e+00  2.07552028e+00  2.79811263e+00
 4.14962816e+00  2.05649281e+00  3.72115779e+00
 5.18475246e+00  2.06912112e+00  2.79772067e+00
 5.18764973e+00  2.06377649e+00  3.72359920e+00
 6.22063828e+00  2.06903648e+00  2.79389834e+00
 6.22300720e+00  2.06225348e+00  3.72316980e+00
 1.01697040e+00  3.10809970e+00  2.88789797e+00
 0.00000000e+00  3.10576272e+00  2.88358426e+00
 1.03902304e+00  3.10627007e+00  3.82454920e+00
 0.00000000e+00  3.10429597e+00  3.83628511e+00
 2.05170774e+00  3.09486961e+00  2.86267996e+00
 2.10101104e+00  3.11051893e+00  3.76784039e+00
 3.04341030e+00  3.08286905e+00  2.65930748e+00
 3.14556336e+00  3.09555936e+00  3.69308448e+00
 1.01641893e+00  4.13225317e+00  2.90714788e+00
 0.00000000e+00  4.13739634e+00  2.90464520e+00
 1.02882004e+00  4.14603901e+00  3.86966252e+00
 0.00000000e+00  4.14898777e+00  3.85943842e+00
 0.00000000e+00  5.15717697e+00  2.89960408e+00
 1.02783024e+00  5.18765068e+00  3.86048174e+00
 0.00000000e+00  5.17622232e+00  3.85216880e+00
 2.04241109e+00  4.13265944e+00  2.93094206e+00
 2.07109952e+00  4.15401459e+00  3.84750295e+00
 2.06987572e+00  5.17809343e+00  3.85616136e+00
 0.00000000e+00  6.18559074e+00  2.87307835e+00
 1.04002631e+00  6.22550726e+00  3.81134605e+00
 0.00000000e+00  6.23454285e+00  3.82371044e+00
 2.07137156e+00  6.23879194e+00  3.80723977e+00
 3.09811449e+00  5.16256952e+00  3.76133800e+00
 3.15068364e+00  6.19084978e+00  3.76761913e+00
 0.00000000e+00  0.00000000e+00  4.71635056e+00
 1.05350816e+00  0.00000000e+00  4.71384525e+00
 1.05633330e+00  1.03383756e+00  4.71711016e+00
 0.00000000e+00  1.03138971e+00  4.71887970e+00
 2.09801221e+00  0.00000000e+00  4.71047831e+00
 2.10471964e+00  1.03979540e+00  4.70996761e+00
 3.13453221e+00  0.00000000e+00  4.70512104e+00
 3.13891745e+00  1.04196382e+00  4.70269823e+00
 4.16613197e+00  0.00000000e+00  4.69822979e+00
 4.16340446e+00  1.03784311e+00  4.69675636e+00
 5.19180441e+00  0.00000000e+00  4.69572687e+00
 5.18797445e+00  1.03304279e+00  4.69186115e+00
 6.21271515e+00  0.00000000e+00  4.69514036e+00
 6.21372843e+00  1.03522921e+00  4.69354963e+00
 1.06589103e+00  2.07380390e+00  4.72221613e+00
 0.00000000e+00  2.06635880e+00  4.72966337e+00
 2.11801839e+00  2.08145666e+00  4.70771360e+00
 3.15072060e+00  2.08014870e+00  4.68794298e+00
 4.16875887e+00  2.07120943e+00  4.67259645e+00
 5.18141842e+00  2.06085873e+00  4.66336727e+00
 6.19672251e+00  2.06258774e+00  4.66410828e+00
 1.06792462e+00  3.10095978e+00  4.75341749e+00
 0.00000000e+00  3.11412096e+00  4.76818800e+00
 2.13338995e+00  3.10483885e+00  4.70136309e+00
 3.17383552e+00  3.09871459e+00  4.65732336e+00
 4.16135406e+00  3.04388738e+00  3.61563087e+00
 4.18433237e+00  3.08696938e+00  4.64504051e+00
 1.07112312e+00  4.14070654e+00  4.81015110e+00
 0.00000000e+00  4.12993860e+00  4.78315973e+00
 2.14550447e+00  4.13507271e+00  4.72303295e+00
 1.05966401e+00  5.21340418e+00  4.76078129e+00
 0.00000000e+00  5.21770525e+00  4.76164818e+00
 1.07077026e+00  6.28457403e+00  4.73628044e+00
 0.00000000e+00  6.28166008e+00  4.74600410e+00
 2.10749888e+00  5.19341040e+00  4.75632811e+00
 2.16168213e+00  6.24617338e+00  4.73710442e+00
 3.16280270e+00  5.13864565e+00  4.67460775e+00
 3.22816229e+00  6.15745211e+00  4.69473076e+00
 4.05643559e+00  5.11858082e+00  3.56743646e+00
 4.14145470e+00  6.12021732e+00  3.62136769e+00
 4.20802402e+00  5.08725166e+00  4.64381266e+00
 4.22139215e+00  6.08866358e+00  4.64419889e+00
 5.20846224e+00  5.07540226e+00  3.64393306e+00
 6.20837688e+00  5.06334591e+00  3.64392781e+00
 6.22043324e+00  6.06328058e+00  3.64396405e+00
 5.22047043e+00  6.07536793e+00  3.64401889e+00
 5.20841837e+00  5.07538414e+00  4.64392853e+00
 6.20841360e+00  5.06332064e+00  4.64395094e+00
 6.22042561e+00  6.06325579e+00  4.64395380e+00
 5.22058296e+00  6.07522106e+00  4.64401722e+00
 0.00000000e+00  0.00000000e+00  5.64396906e+00
 1.05714524e+00  0.00000000e+00  5.64396906e+00
 1.06254768e+00  1.03727961e+00  5.64396906e+00
 0.00000000e+00  1.03286445e+00  5.64396906e+00
 2.10580730e+00  0.00000000e+00  5.64396906e+00
 2.11042786e+00  1.04383373e+00  5.64396906e+00
 3.13979125e+00  0.00000000e+00  5.64396906e+00
 3.14655566e+00  1.04720700e+00  5.64396906e+00
 4.16766024e+00  0.00000000e+00  5.64396906e+00
 4.16951704e+00  1.04702747e+00  5.64396906e+00
 5.19232607e+00  0.00000000e+00  5.64396906e+00
 5.18888378e+00  1.04302478e+00  5.64396906e+00
 6.21781397e+00  0.00000000e+00  5.64396906e+00
 6.20415783e+00  1.04882598e+00  5.64396906e+00
 1.07668018e+00  2.06658721e+00  5.64396906e+00
 0.00000000e+00  2.06254482e+00  5.64396906e+00
 2.13278151e+00  2.08167648e+00  5.64396906e+00
 3.16022754e+00  2.08711600e+00  5.64396906e+00
 4.17671824e+00  2.08013487e+00  5.64396906e+00
 5.18036270e+00  2.07075214e+00  5.64396906e+00
 6.18839836e+00  2.06874800e+00  5.64396906e+00
 1.08652020e+00  3.13229203e+00  5.64396906e+00
 0.00000000e+00  3.13813782e+00  5.64396906e+00
 2.15537643e+00  3.11411309e+00  5.64396906e+00
 3.18401027e+00  3.10398555e+00  5.64396906e+00
 4.18478441e+00  3.08785892e+00  5.64396906e+00
 5.18477249e+00  3.07463884e+00  4.64336014e+00
 5.18526983e+00  3.07526946e+00  5.64396906e+00
 6.18640900e+00  3.06507945e+00  4.64284849e+00
 6.18666697e+00  3.06665587e+00  5.64396906e+00
 3.19672036e+00  4.10029745e+00  4.63509560e+00
 3.20129156e+00  4.10603619e+00  5.64396906e+00
 2.19624519e+00  4.12893724e+00  5.64396906e+00
 4.19662666e+00  4.08688068e+00  4.64420795e+00
 4.19680166e+00  4.08714437e+00  5.64396906e+00
 5.19645691e+00  4.07549858e+00  4.64391375e+00
 5.19654179e+00  4.07539606e+00  5.64396906e+00
 6.19629908e+00  4.06368160e+00  4.64397717e+00
 6.19620705e+00  4.06351662e+00  5.64396906e+00
 0.00000000e+00  4.10839605e+00  5.64396906e+00
 1.10031009e+00  4.12661076e+00  5.64396906e+00
 1.08292222e+00  5.23458719e+00  5.64396906e+00
 0.00000000e+00  5.24462748e+00  5.64396906e+00
 5.20837021e+00  5.07537794e+00  5.64396906e+00
 4.20846367e+00  5.08730888e+00  5.64396906e+00
 6.20844221e+00  5.06334114e+00  5.64396906e+00
 1.08857012e+00  6.29903841e+00  5.64396906e+00
 0.00000000e+00  6.29791737e+00  5.64396906e+00
 2.13412690e+00  5.19860411e+00  5.64396906e+00
 2.19662738e+00  6.24313307e+00  5.64396906e+00
 3.17647648e+00  5.12454319e+00  5.64396906e+00
 3.24113703e+00  6.14730930e+00  5.64396906e+00
 4.22181606e+00  6.08783340e+00  5.64396906e+00
 5.22060299e+00  6.07515907e+00  5.64396906e+00
 6.22041798e+00  6.06325531e+00  5.64396906e+00
</DataArray>
</Points>
<PointData Tensors="Stress_Components,Plastic_strain_components" Vevtors="Spatial_displacement,Reaction_force" Scalars="Equivalent_plastic_strain,Stress_Mises,Stress_Max_Principal,Stress_Mid_Principal,Stress_Min_Principal,Stress_Pressure,Stress_Tresca,Stress_Third_Invariant,Plastic_strain_Max_Principal,Plastic_strain_Min_Principal">
<DataArray type="Float32" Name="Stress_Components" NumberOfComponents="9" format="ascii">
1.17968196e+01 -3.63189459e-01 3.44839491e-01 -3.63189459e-01 9.31715117e+00 2.80731321e-01 3.44839491e-01 2.80731321e-01 -6.76210392e+00
1.61237359e-01 -2.57293062e+00 6.42722298e-01 -2.57293062e+00 -4.46459055e-02 2.34391325e+00 6.42722298e-01 2.34391325e+00 -2.79121098e+01
-3.66837740e+00 2.52520919e-01 1.13670392e+00 2.52520919e-01 1.84556246e+00 -1.49588794e+00 1.13670392e+00 -1.49588794e+00 -3.15605812e+01
3.14481974e-01 -5.22714529e-01 -4.23053537e-01 -5.22714529e-01 1.08006793e+00 -2.08792642e-01 -4.23053537e-01 -2.08792642e-01 -2.86246014e+01
1.63782113e+01 1.72943944e-01 1.24057436e+00 1.72943944e-01 1.75575036e+01 -3.32918676e-01 1.24057436e+00 -3.32918676e-01 6.76391721e+00
1.89262451e+01 -1.57559788e+00 2.21035694e+00 -1.57559788e+00 2.14365549e+01 1.31638040e+00 2.21035694e+00 1.31638040e+00 1.10777320e+01
-1.59909687e+01 -1.10116810e-01 5.14020450e-01 -1.10116810e-01 -5.08434367e+00 -2.53266603e-01 5.14020450e-01 -2.53266603e-01 -5.08941751e+01
7.33796608e+00 4.26381159e-01 5.89508813e-01 4.26381159e-01 7.21516320e+00 1.56592602e+00 5.89508813e-01 1.56592602e+00 -1.41707492e+01
-1.34121039e+01 -7.01990768e-01 -1.20145370e+00 -7.01990768e-01 -1.26160703e+01 5.31797725e+00 -1.20145370e+00 5.31797725e+00 -5.89294114e+01
-6.95292130e+01 -1.91157311e+00 -3.17213559e+00 -1.91157311e+00 -6.47472496e+01 4.75235212e+00 -3.17213559e+00 4.75235212e+00 -1.75770615e+02
-6.18980796e+01 6.50052087e+00 -2.30975393e+01 6.50052087e+00 -6.41145584e+01 -3.18839304e+00 -2.30975393e+01 -3.18839304e+00 -1.54764421e+02
-4.44746271e+01 1.43338951e+00 -6.43347883e+00 1.43338951e+00 -6.41137495e+01 -1.42260325e+00 -6.43347883e+00 -1.42260325e+00 -1.45223307e+02
-1.22327089e-01 -6.16719395e-01 -1.93151932e-01 -6.16719395e-01 2.10348010e-01 1.52187854e-01 -1.93151932e-01 1.52187854e-01 -5.16227603e-01
-3.62985287e-01 -1.51051514e-01 -1.42451137e-01 -1.51051514e-01 -5.84762990e-02 -1.73436962e-01 -1.42451137e-01 -1.73436962e-01 -6.76823407e-03
6.01712063e-01 -1.65085651e-01 -1.68943740e-02 -1.65085651e-01 -2.51436830e-02 5.15740398e-01 -1.68943740e-02 5.15740398e-01 -1.00476295e+00
3.49173591e-01 -6.30870223e-01 -2.61111856e-02 -6.30870223e-01 -2.49549000e-01 -4.81129736e-01 -2.61111856e-02 -4.81129736e-01 -5.27944386e-01
2.07154468e-01 2.04640821e-01 3.66043955e-01 2.04640821e-01 1.03115179e-01 2.29596764e-01 3.66043955e-01 2.29596764e-01 -1.56431831e-02
-8.78855288e-02 5.65947853e-02 1.62632644e-01 5.65947853e-02 -1.81628466e-01 -4.05319408e-02 1.62632644e-01 -4.05319408e-02 5.64203739e-01
-2.17709467e-02 6.17126934e-02 -3.10123563e-01 6.17126934e-02 1.80594757e-01 -5.38437068e-01 -3.10123563e-01 -5.38437068e-01 1.35845333e-01
-3.13541591e-01 2.09785625e-01 -1.27768740e-01 2.09785625e-01 -1.21538691e-01 3.45377743e-01 -1.27768740e-01 3.45377743e-01 7.29629576e-01
-2.12645531e-02 2.20424198e-02 5.04796281e-01 2.20424198e-02 6.46289825e-01 -1.36514693e-01 5.04796281e-01 -1.36514693e-01 -2.93514719e+01
4.57698770e-01 3.69879782e-01 3.15548617e-01 3.69879782e-01 3.87978196e-01 3.57314661e-01 3.15548617e-01 3.57314661e-01 -2.90551341e+01
3.65663146e+00 -5.59536865e-01 5.49796842e-01 -5.59536865e-01 4.29823033e+00 5.08064921e-01 5.49796842e-01 5.08064921e-01 -2.13036540e+01
1.68615311e-01 2.00804573e-01 6.23091258e-01 2.00804573e-01 1.70941183e+00 -3.58723231e-01 6.23091258e-01 -3.58723231e-01 -2.79292746e+01
5.03073740e+00 -2.35505663e-02 9.05144513e-01 -2.35505663e-02 3.29603863e+00 1.56728402e-01 9.05144513e-01 1.56728402e-01 -2.09256943e+01
5.64684957e-01 2.03384969e-01 1.20345961e-01 2.03384969e-01 -4.54318196e-01 1.15718426e+00 1.20345961e-01 1.15718426e+00 -2.97753077e+01
2.80824995e+00 3.57008413e-01 7.61308732e-01 3.57008413e-01 1.60697737e+00 5.31866740e-01 7.61308732e-01 5.31866740e-01 -2.51519341e+01
4.33320582e-01 4.11784742e-01 1.03746678e+00 4.11784742e-01 -1.58581167e+00 -7.25962237e-01 1.03746678e+00 -7.25962237e-01 -3.11145139e+01
4.78300995e+00 -9.78640288e-01 3.15608731e-01 -9.78640288e-01 3.42597842e+00 1.26596497e-01 3.15608731e-01 1.26596497e-01 -2.10649747e+01
5.47974801e+00 -8.38807348e-01 1.04872748e+00 -8.38807348e-01 5.02593219e+00 9.12818317e-01 1.04872748e+00 9.12818317e-01 -1.83046543e+01
1.01978065e+00 1.50822267e-01 6.35655466e-02 1.50822267e-01 5.09295881e-01 5.64556833e-01 6.35655466e-02 5.64556833e-01 -2.83734040e+01
-1.27992928e+00 1.15176255e-01 1.24019418e+00 1.15176255e-01 -6.23611331e-01 1.92766686e+00 1.24019418e+00 1.92766686e+00 -3.17816088e+01
6.73704134e+00 1.36506002e-01 4.81827231e-02 1.36506002e-01 4.75110197e+00 6.46330281e-01 4.81827231e-02 6.46330281e-01 -1.74319229e+01
1.00073285e+01 -2.07771647e-01 1.77939702e-02 -2.07771647e-01 7.86674616e+00 -1.77203324e-02 1.77939702e-02 -1.77203324e-02 -1.05658566e+01
3.39517444e+00 -6.62153915e-01 2.63648205e-01 -6.62153915e-01 2.01145539e+00 9.43914559e-01 2.63648205e-01 9.43914559e-01 -2.40636963e+01
1.74901390e+00 -7.57510014e-01 2.60046013e-01 -7.57510014e-01 1.48641098e+00 8.33736084e-01 2.60046013e-01 8.33736084e-01 -2.63547468e+01
9.04951864e+00 2.44905233e-01 -1.49433717e-01 2.44905233e-01 6.36509055e+00 2.72068504e-01 -1.49433717e-01 2.72068504e-01 -1.31356218e+01
2.93935865e+00 2.09072881e-01 -7.09367152e-01 2.09072881e-01 4.78363574e-01 8.93444456e-02 -7.09367152e-01 8.93444456e-02 -2.61267828e+01
5.10598648e+00 -3.45656924e-01 -3.98350731e-01 -3.45656924e-01 2.77393132e+00 6.46631643e-01 -3.98350731e-01 6.46631643e-01 -2.14043143e+01
1.14850609e+01 -6.46914488e-01 7.56705031e-02 -6.46914488e-01 9.91420121e+00 -3.73272301e-01 7.56705031e-02 -3.73272301e-01 -6.84878981e+00
1.23042402e+01 -9.49899135e-02 1.06601937e-01 -9.49899135e-02 1.00382936e+01 -1.82354320e-01 1.06601937e-01 -1.82354320e-01 -5.69446200e+00
6.88624412e+00 1.81719894e-02 -3.39714807e-01 1.81719894e-02 4.39603746e+00 3.62207517e-02 -3.39714807e-01 3.62207517e-02 -1.76667857e+01
1.23990163e+01 -4.71032951e-02 -4.37598608e-01 -4.71032951e-02 1.18377323e+01 -3.03543642e-01 -4.37598608e-01 -3.03543642e-01 -3.81815147e+00
6.68499304e+00 -2.55550354e-01 -5.33426815e-01 -2.55550354e-01 5.19488317e+00 -4.98731826e-01 -5.33426815e-01 -4.98731826e-01 -1.69999350e+01
1.65380754e+01 -1.69520922e-01 8.36544745e-02 -1.69520922e-01 1.53165460e+01 -4.87495899e-01 8.36544745e-02 -4.87495899e-01 4.63971257e+00
1.57019659e+01 -1.10064790e-01 -4.76078907e-01 -1.10064790e-01 1.38467852e+01 -1.23805068e-01 -4.76078907e-01 -1.23805068e-01 2.00658512e+00
1.77662971e+01 7.00911444e-01 -1.26938879e-01 7.00911444e-01 1.80958338e+01 -8.01038578e-01 -1.26938879e-01 -8.01038578e-01 8.83778477e+00
1.21166304e+01 5.06069879e-01 8.42727348e-02 5.06069879e-01 1.06770179e+01 -8.45085925e-01 8.42727348e-02 -8.45085925e-01 -5.12233973e+00
2.28502357e+00 -1.15332008e+00 1.97333122e+00 -1.15332008e+00 5.22943205e+00 1.69225886e-01 1.97333122e+00 1.69225886e-01 -2.09718018e+01
1.67195392e+00 -1.20154499e+00 1.56493247e+00 -1.20154499e+00 5.82086256e+00 -3.35987726e-01 1.56493247e+00 -3.35987726e-01 -2.13278170e+01
-4.90240018e+00 3.55858730e-01 3.23774113e+00 3.55858730e-01 -6.62898019e+00 2.10357679e+00 3.23774113e+00 2.10357679e+00 -4.16687329e+01
7.36643672e-01 -9.53630591e-02 1.29630451e+00 -9.53630591e-02 6.61578059e-01 -1.23937802e-01 1.29630451e+00 -1.23937802e-01 -2.84546038e+01
1.00271741e+01 1.42469750e+00 3.42126513e+00 1.42469750e+00 8.46835502e+00 2.43554774e+00 3.42126513e+00 2.43554774e+00 -1.45637174e+01
-4.15037227e+00 1.04165194e+00 5.51435731e-01 1.04165194e+00 -4.10165942e+00 -1.27797611e-01 5.51435731e-01 -1.27797611e-01 -3.79134109e+01
-6.12303238e+01 -4.03155004e+00 -1.28559263e+01 -4.03155004e+00 -6.14902058e+01 -1.74268503e+00 -1.28559263e+01 -1.74268503e+00 -1.50830731e+02
7.54040643e+00 1.16436572e+00 -1.20102289e+00 1.16436572e+00 1.05270715e+01 1.22835368e+00 -1.20102289e+00 1.22835368e+00 -1.31428988e+01
-4.21600761e+01 -8.60758333e-01 -3.98187572e+00 -8.60758333e-01 -3.82037125e+01 1.72756830e+00 -3.98187572e+00 1.72756830e+00 -1.16405546e+02
-2.69098475e+01 -1.27515158e+00 -1.42865048e+01 -1.27515158e+00 -3.27681661e+01 3.30774283e-01 -1.42865048e+01 3.30774283e-01 -8.04998833e+01
-2.68982968e+01 -9.08256657e-01 -9.80139971e-02 -9.08256657e-01 -2.38093047e+01 1.69053447e+00 -9.80139971e-02 1.69053447e+00 -8.47313843e+01
-3.58864574e+01 7.40430173e-02 -4.50444287e+00 7.40430173e-02 -3.12749486e+01 -1.13125500e+00 -4.50444287e+00 -1.13125500e+00 -1.02127131e+02
-1.73681264e+01 -1.05017489e+00 -6.22492403e-01 -1.05017489e+00 -1.12292089e+01 3.46363008e-01 -6.22492403e-01 3.46363008e-01 -6.05555382e+01
-3.48863144e+01 -2.42511779e+00 -4.86827636e+00 -2.42511779e+00 -2.66410561e+01 -3.87848211e+00 -4.86827636e+00 -3.87848211e+00 -9.44899216e+01
-1.34689550e+00 -2.54156811e-01 3.88080912e+00 -2.54156811e-01 2.42820887e+00 8.24959921e-01 3.88080912e+00 8.24959921e-01 -2.73160646e+01
1.07259836e+01 3.25543558e-01 1.66159233e+00 3.25543558e-01 1.30023088e+01 -5.12495402e-01 1.66159233e+00 -5.12495402e-01 -3.94998384e+00
-6.07849101e+00 -4.68237353e-01 4.09583109e+00 -4.68237353e-01 -6.77601440e+00 1.31574659e+00 4.09583109e+00 1.31574659e+00 -4.25438867e+01
7.31254196e+00 1.13348988e-01 1.92835298e+00 1.13348988e-01 8.91890466e+00 -1.35412604e-01 1.92835298e+00 -1.35412604e-01 -1.22524705e+01
-8.57710247e+01 -9.59577918e+00 1.13521261e+01 -9.59577918e+00 -7.78634701e+01 -1.39331549e+01 1.13521261e+01 -1.39331549e+01 -1.87150379e+02
-1.99243635e+01 2.23409398e+00 1.59198241e+00 2.23409398e+00 -2.61934372e+01 -3.42692142e+00 1.59198241e+00 -3.42692142e+00 -8.01052740e+01
4.52203102e+01 -8.63956392e-01 -6.59457254e+00 -8.63956392e-01 4.48580933e+01 3.87869430e+00 -6.59457254e+00 3.87869430e+00 8.90183334e+01
7.67915662e+00 -3.04868746e+00 -6.50478148e+00 -3.04868746e+00 7.46929773e+00 -5.39671095e+00 -6.50478148e+00 -5.39671095e+00 -8.51413989e+00
1.79550287e+01 -9.04150935e-02 -1.24825384e+00 -9.04150935e-02 1.88831696e+01 6.99076920e-01 -1.24825384e+00 6.99076920e-01 9.32828658e+00
1.10437765e+01 -5.20367144e-01 1.72857951e+00 -5.20367144e-01 1.24336600e+01 6.41148388e-01 1.72857951e+00 6.41148388e-01 -3.91882038e+00
2.07128758e+01 -5.27111943e-01 2.30606755e-01 -5.27111943e-01 2.30994426e+01 1.29530892e+00 2.30606755e-01 1.29530892e+00 1.84069049e+01
1.13146094e+01 -7.20037365e-01 2.13483188e+00 -7.20037365e-01 1.24001836e+01 1.18088089e+00 2.13483188e+00 1.18088089e+00 -3.82196164e+00
1.27753268e+01 1.35999454e-01 6.24654591e-02 1.35999454e-01 1.34904875e+01 4.55733716e-01 6.24654591e-02 4.55733716e-01 -1.46927691e+00
1.24016432e+01 7.59419990e-01 5.72408208e-01 7.59419990e-01 1.35068691e+01 1.26784108e+00 5.72408208e-01 1.26784108e+00 -1.50070184e+00
7.42031360e+00 1.59443545e+00 1.04236960e-01 1.59443545e+00 9.93135643e+00 8.88836674e-01 1.04236960e-01 8.88836674e-01 -1.09418004e+01
-3.89536211e+01 8.88775662e-01 5.58040790e+00 8.88775662e-01 -3.59128661e+01 1.57038121e+01 5.58040790e+00 1.57038121e+01 -9.75898929e+01
-8.66841850e+01 -3.12715422e+00 1.46917338e+01 -3.12715422e+00 -8.76070099e+01 8.78175807e+00 1.46917338e+01 8.78175807e+00 -2.14980408e+02
-8.51028786e+00 -3.04054390e+00 -2.84259791e+00 -3.04054390e+00 -2.26739492e+00 3.63857775e+00 -2.84259791e+00 3.63857775e+00 -3.96220360e+01
-5.75852394e-01 -3.54682408e-01 -1.35835584e-01 -3.54682408e-01 2.10942841e+00 1.12827124e+00 -1.35835584e-01 1.12827124e+00 -2.82673635e+01
7.63910484e+00 1.17814238e+00 -9.65832315e-01 1.17814238e+00 6.88654804e+00 7.74717063e-01 -9.65832315e-01 7.74717063e-01 -1.45325203e+01
-3.23524475e-01 -1.67970142e+00 2.62114480e+00 -1.67970142e+00 4.19012165e+00 -9.73831743e-01 2.62114480e+00 -9.73831743e-01 -2.53930588e+01
-1.79061871e+01 -3.23064244e+00 -3.82068098e+00 -3.23064244e+00 -1.36685891e+01 4.71502668e+00 -3.82068098e+00 4.71502668e+00 -5.99825687e+01
-7.55290845e+01 8.99908559e+00 -6.55777891e-01 8.99908559e+00 -4.74993464e+01 -3.39203058e+01 -6.55777891e-01 -3.39203058e+01 -1.17674374e+02
-8.94624980e+00 -2.72809331e+00 -1.84335208e+00 -2.72809331e+00 -1.15184043e+01 -7.00656303e+00 -1.84335208e+00 -7.00656303e+00 -4.30932142e+01
3.73178801e+00 -2.46486682e-02 2.51388624e-01 -2.46486682e-02 5.26077747e-02 -1.45431433e-01 2.51388624e-01 -1.45431433e-01 -2.56673145e+01
7.68369317e-01 2.13428074e-01 8.13254630e-02 2.13428074e-01 -1.51113975e+00 7.57007428e-01 8.13254630e-02 7.57007428e-01 -3.06605184e+01
4.76415783e-01 9.05707408e-01 4.61385380e-01 9.05707408e-01 -2.17232764e+00 4.80758046e-01 4.61385380e-01 4.80758046e-01 -3.16311351e+01
1.24521714e+00 2.81878578e-01 5.84069811e-01 2.81878578e-01 -2.84023842e+00 -3.00937736e-01 5.84069811e-01 -3.00937736e-01 -3.14303508e+01
-4.31332755e+00 9.05928642e-01 -2.07493916e-01 9.05928642e-01 -3.28553683e+00 1.00582121e+00 -2.07493916e-01 1.00582121e+00 -3.80994406e+01
-5.23015398e+00 1.54578713e+00 5.46761831e-01 1.54578713e+00 -4.16539241e+00 1.35931258e+00 5.46761831e-01 1.35931258e+00 -3.98029473e+01
-5.73478901e+00 4.93350022e-01 1.95273973e-01 4.93350022e-01 -3.58662796e+00 4.67276108e-01 1.95273973e-01 4.67276108e-01 -4.00722103e+01
-9.82448770e+00 7.12817781e-01 3.46139598e-01 7.12817781e-01 -4.77600852e+00 1.65530370e+00 3.46139598e-01 1.65530370e+00 -4.51880475e+01
-3.89597389e+00 -9.81854349e-01 9.26544927e-02 -9.81854349e-01 -1.57496130e+00 4.32612367e-01 9.26544927e-02 4.32612367e-01 -3.58355021e+01
-3.07328725e+00 -6.60970144e-01 -5.43732248e-01 -6.60970144e-01 7.31994078e-01 3.47721525e-02 -5.43732248e-01 3.47721525e-02 -3.22347707e+01
1.34920418e+00 -6.77014858e-01 -2.77925074e-01 -6.77014858e-01 4.27168623e+00 -4.36875381e-01 -2.77925074e-01 -4.36875381e-01 -2.37595913e+01
3.95547894e+00 -1.26254822e+00 -8.82983476e-01 -1.26254822e+00 5.41643244e+00 -2.56643283e-01 -8.82983476e-01 -2.56643283e-01 -1.96868502e+01
-1.00905323e+00 3.43957752e-01 3.67716312e-01 3.43957752e-01 4.14608264e+00 -9.55117455e-01 3.67716312e-01 -9.55117455e-01 -2.61651502e+01
-1.48256046e+00 -1.25631227e+00 -4.48091716e-01 -1.25631227e+00 1.32824135e+00 -2.00172596e+00 -4.48091716e-01 -2.00172596e+00 -2.94862559e+01
-5.99516940e+00 1.65304681e+00 1.47004336e+00 1.65304681e+00 -1.08085030e+01 1.74264885e+00 1.47004336e+00 1.74264885e+00 -4.75199184e+01
7.43787766e-01 9.13655683e-01 9.37528506e-01 9.13655683e-01 -3.75575781e+00 -3.26245531e-01 9.37528506e-01 -3.26245531e-01 -3.28915806e+01
-4.42854261e+00 2.37064546e+00 4.86284083e-01 2.37064546e+00 -5.14846444e+00 6.69712905e-01 4.86284083e-01 6.69712905e-01 -3.99871683e+01
5.69904280e+00 1.98333333e+00 -4.13609909e+00 1.98333333e+00 7.07455373e+00 -3.48864799e-01 -4.13609909e+00 -3.48864799e-01 -1.38697016e+01
9.09390749e+00 1.92914258e-01 -3.09442957e+00 1.92914258e-01 1.27825430e+01 -3.83634793e-01 -3.09442957e+00 -3.83634793e-01 -6.53815424e+00
-6.62015597e-01 -1.40453345e+00 -5.58070022e+00 -1.40453345e+00 2.80898841e+00 -1.78564410e+00 -5.58070022e+00 -1.78564410e+00 -2.61602319e+01
-3.62110202e+00 -4.23592380e+00 -7.47822816e+00 -4.23592380e+00 -6.57442284e+00 -3.35381267e+00 -7.47822816e+00 -3.35381267e+00 -3.74701004e+01
-1.76212476e+01 8.98725092e-02 5.26774915e+00 8.98725092e-02 -2.72824308e+01 -5.40232182e-01 5.26774915e+00 -5.40232182e-01 -7.65428273e+01
-2.76101680e+01 -1.91468712e+00 5.61792016e+00 -1.91468712e+00 -3.38605699e+01 -1.06688154e+00 5.61792016e+00 -1.06688154e+00 -9.53680604e+01
9.18996414e+00 1.85056889e+00 2.09593525e-02 1.85056889e+00 2.67993283e+00 -3.84937385e+00 2.09593525e-02 -3.84937385e+00 -1.54272979e+01
3.08537516e+01 1.99719403e+00 -3.00657912e+00 1.99719403e+00 3.11485953e+01 8.14495862e-01 -3.00657912e+00 8.14495862e-01 3.75144869e+01
3.43110123e+01 -3.26974559e+00 4.47730160e+00 -3.26974559e+00 3.25138702e+01 -5.71393538e+00 4.47730160e+00 -5.71393538e+00 6.14331589e+01
1.87742678e+01 -1.20107681e+00 -1.20752160e+00 -1.20107681e+00 1.65095273e+01 -3.46607119e+00 -1.20752160e+00 -3.46607119e+00 1.29245012e+01
-1.81438537e+01 -4.06700481e-01 7.43503630e-01 -4.06700481e-01 -1.77972157e+01 6.23320478e+00 7.43503630e-01 6.23320478e+00 -6.53635457e+01
-3.65731812e+00 3.18917222e-01 -2.05831275e+00 3.18917222e-01 -5.99757894e+00 3.41193275e+00 -2.05831275e+00 3.41193275e+00 -4.00318425e+01
-7.96591759e+01 -8.82258320e+00 7.69236374e+00 -8.82258320e+00 -1.20859142e+02 -1.30465205e+01 7.69236374e+00 -1.30465205e+01 -2.37572884e+02
-2.29756069e+01 1.98890418e-01 -1.33438702e+00 1.98890418e-01 -1.89740593e+01 4.67167338e+00 -1.33438702e+00 4.67167338e+00 -7.45267207e+01
-1.13955783e+01 -2.61832047e-01 3.24657995e+00 -2.61832047e-01 -8.45460486e+00 2.28300399e-01 3.24657995e+00 2.28300399e-01 -5.13932533e+01
5.60681272e+00 -2.06378639e-01 1.90702933e+00 -2.06378639e-01 3.15610071e+00 1.88452817e+00 1.90702933e+00 1.88452817e+00 -2.01361823e+01
5.08348227e+00 2.16121703e-01 1.06568629e+00 2.16121703e-01 4.00450182e+00 -8.81854534e-01 1.06568629e+00 -8.81854534e-01 -1.99950938e+01
-2.55157640e+01 1.04621774e+00 -8.65311604e-01 1.04621774e+00 -3.16616082e+01 -4.38116843e+00 -8.65311604e-01 -4.38116843e+00 -9.00860450e+01
-9.82002616e+00 -1.66605297e+00 -2.57548943e+00 -1.66605297e+00 -1.99366562e+01 6.25398752e+00 -2.57548943e+00 6.25398752e+00 -5.79280019e+01
1.67660167e+01 4.39955950e-01 1.81041904e-01 4.39955950e-01 1.54966068e+00 6.08446226e+00 1.81041904e-01 6.08446226e+00 -1.89262118e+01
1.08523788e+01 -1.84312989e+00 1.76751643e+00 -1.84312989e+00 1.88540478e+01 -1.77803302e+00 1.76751643e+00 -1.77803302e+00 2.18022561e+00
7.85830383e+01 -2.18911362e+00 1.23760891e+00 -2.18911362e+00 5.67507362e+01 1.93697433e+01 1.23760891e+00 1.93697433e+01 7.81788177e+01
4.79670715e+01 1.80160439e+00 7.67006814e-01 1.80160439e+00 4.20776367e+01 8.60075951e+00 7.67006814e-01 8.60075951e+00 6.18969650e+01
8.51466429e+00 -3.56536381e+00 -1.92077449e+00 -3.56536381e+00 7.13384724e+00 -2.80439228e-01 -1.92077449e+00 -2.80439228e-01 3.18607718e+00
8.10268084e-01 -6.60301845e+00 -1.77094351e+00 -6.60301845e+00 1.15311591e+01 -5.64852333e+00 -1.77094351e+00 -5.64852333e+00 4.12211116e+00
-9.96140301e-01 -9.91289735e-01 1.40267122e+00 -9.91289735e-01 1.14555120e+00 -1.00195467e+00 1.40267122e+00 -1.00195467e+00 -6.32853091e-01
-9.30861950e-01 6.25451654e-03 2.27548927e-01 6.25451654e-03 -1.15743823e-01 6.57000422e-01 2.27548927e-01 6.57000422e-01 5.63129425e-01
8.69272649e-01 -6.56837046e-01 2.61392891e-01 -6.56837046e-01 -3.11119497e-01 -1.27805781e+00 2.61392891e-01 -1.27805781e+00 -1.04172826e+00
2.90508837e-01 -1.65489542e+00 -1.26295304e+00 -1.65489542e+00 4.36861455e-01 1.24047637e+00 -1.26295304e+00 1.24047637e+00 -1.21093524e+00
7.05898852e+00 2.57383726e+00 1.54379381e+00 2.57383726e+00 -2.93353157e+00 1.03395329e+00 1.54379381e+00 1.03395329e+00 -6.99684312e-01
1.38234772e+00 -3.96448394e-01 -3.72679507e-02 -3.96448394e-01 -5.21230157e+00 1.11466026e+00 -3.72679507e-02 1.11466026e+00 -6.00318352e-01
-3.27696478e+00 1.00457650e+00 -1.82595048e-01 1.00457650e+00 5.59036762e-01 -1.48420882e+00 -1.82595048e-01 -1.48420882e+00 3.77782643e-01
-5.16982023e+00 -2.84046586e+00 -2.83421184e-01 -2.84046586e+00 2.15525774e+00 -1.15422968e+00 -2.83421184e-01 -1.15422968e+00 3.26703167e+00
1.57945943e+00 -2.12165192e-02 -2.71802768e-03 -2.12165192e-02 -2.71609378e+00 1.67719461e-03 -2.71802768e-03 1.67719461e-03 -3.09239273e+01
1.94497824e-01 3.54917556e-01 -9.75298136e-03 3.54917556e-01 -2.41908615e+00 4.02515844e-01 -9.75298136e-03 4.02515844e-01 -3.22758961e+01
2.02654123e-01 1.23919067e+00 2.69756779e-01 1.23919067e+00 -3.19086224e+00 5.37573665e-01 2.69756779e-01 5.37573665e-01 -3.29209313e+01
1.79292583e+00 3.43249559e-01 2.08403431e-01 3.43249559e-01 -2.99380016e+00 -1.08824589e-02 2.08403431e-01 -1.08824589e-02 -3.09261851e+01
-6.34114933e+00 6.45603269e-01 -7.90629769e-03 6.45603269e-01 -4.85286272e+00 1.11789680e+00 -7.90629769e-03 1.11789680e+00 -4.19692039e+01
-5.94416648e+00 2.37592280e+00 3.35844487e-01 2.37592280e+00 -5.07318991e+00 8.13498974e-01 3.35844487e-01 8.13498974e-01 -4.15011096e+01
-1.09444924e+01 1.17576772e+00 2.84200143e-02 1.17576772e+00 -5.96221441e+00 8.70357096e-01 2.84200143e-02 8.70357096e-01 -4.79074287e+01
-1.43721254e+01 1.84212589e+00 1.05293116e+00 1.84212589e+00 -7.57395428e+00 1.69142070e+00 1.05293116e+00 1.69142070e+00 -5.28320937e+01
-1.05402212e+01 -1.47691190e-01 4.64954972e-02 -1.47691190e-01 -3.92083871e+00 3.24320652e-01 4.64954972e-02 3.24320652e-01 -4.51039276e+01
-1.53392379e+01 -4.34239049e-01 2.02307969e+00 -4.34239049e-01 -6.65561211e+00 1.58023672e+00 2.02307969e+00 1.58023672e+00 -5.28148851e+01
-8.75619841e+00 -3.76610935e-01 7.46338218e-02 -3.76610935e-01 -2.01497730e+00 -2.68895082e-01 7.46338218e-02 -2.68895082e-01 -4.10694847e+01
-8.88690579e+00 -2.17767559e+00 2.10473472e+00 -2.17767559e+00 -3.97624969e-01 2.10470970e-01 2.10473472e+00 2.10470970e-01 -3.86474941e+01
-2.11725655e+01 -3.24238086e+00 1.19909868e-01 -3.24238086e+00 -9.81735134e+00 5.08170068e-01 1.19909868e-01 5.08170068e-01 -6.19128456e+01
-1.92848258e+01 -2.06613386e+00 2.87415493e+00 -2.06613386e+00 -6.35362646e+00 -3.47950399e+00 2.87415493e+00 -3.47950399e+00 -5.51247044e+01
2.60558343e+00 3.00497020e+00 -1.17392266e+00 3.00497020e+00 -1.96902180e+00 1.24644247e+00 -1.17392266e+00 1.24644247e+00 -2.84435024e+01
-5.82949257e+00 5.94475418e-01 -4.08264294e-01 5.94475418e-01 -1.45331502e+01 1.45512376e-01 -4.08264294e-01 1.45512376e-01 -5.10697221e+01
-3.37313664e+00 4.36135489e+00 5.00869870e-01 4.36135489e+00 -3.03595930e+00 2.22469389e+00 5.00869870e-01 2.22469389e+00 -3.54542942e+01
5.89543688e+00 1.81430382e+00 1.63180159e+00 1.81430382e+00 9.41879392e+00 1.57126908e+00 1.63180159e+00 1.57126908e+00 -1.29059298e+01
1.72106290e+01 -1.00328972e+00 1.71888286e+00 -1.00328972e+00 1.81775951e+01 8.10412832e-01 1.71888286e+00 8.10412832e-01 7.68216354e+00
1.84784867e+01 -4.02214304e-02 1.83266203e+00 -4.02214304e-02 1.74840775e+01 -5.55234633e-01 1.83266203e+00 -5.55234633e-01 8.34863186e+00
1.92556860e+01 -3.43789285e+00 1.80473894e+00 -3.43789285e+00 9.14376163e+00 -1.31991786e+00 1.80473894e+00 -1.31991786e+00 2.02827835e+00
-7.24821854e+01 -1.67875066e+00 6.11632299e+00 -1.67875066e+00 -8.66976795e+01 4.08761919e+00 6.11632299e+00 4.08761919e+00 -2.00955078e+02
-8.76799316e+01 -2.79640883e-01 3.45741248e+00 -2.79640883e-01 -9.43614426e+01 1.11905314e-01 3.45741248e+00 1.11905314e-01 -2.26951889e+02
1.19281352e+01 4.98867889e+00 -1.14744147e-01 4.98867889e+00 7.69247500e+00 3.19992564e+00 -1.14744147e-01 3.19992564e+00 -7.14917882e+00
3.19464695e+01 -1.98478149e+00 1.83720893e+00 -1.98478149e+00 3.25177989e+01 1.21190063e+00 1.83720893e+00 1.21190063e+00 3.56751409e+01
3.21389546e+01 -1.81669843e+00 1.99648881e+00 -1.81669843e+00 2.69807058e+01 6.10813856e-01 1.99648881e+00 6.10813856e-01 3.27201226e+01
4.45021255e+00 -5.35167396e-01 -7.65450656e-01 -5.35167396e-01 9.31400204e+00 -3.28216498e+00 -7.65450656e-01 -3.28216498e+00 2.54149498e+00
2.49969342e+01 1.09149078e+00 4.10762960e+00 1.09149078e+00 1.71843112e+01 1.30491375e+00 4.10762960e+00 1.30491375e+00 2.64123372e+01
-1.76288652e+00 -7.82908517e+00 -3.02309036e+00 -7.82908517e+00 -1.04180503e+01 -7.52597541e-01 -3.02309036e+00 -7.52597541e-01 -4.89222050e+00
2.08232207e+01 4.61627319e-02 3.27373505e+00 4.61627319e-02 7.54160786e+00 6.67512149e-01 3.27373505e+00 6.67512149e-01 2.32119837e+01
1.29472504e+01 6.69723535e+00 -1.04860202e+01 6.69723535e+00 1.84171019e+01 1.00228508e+01 -1.04860202e+01 1.00228508e+01 4.35411891e+01
2.33726053e+01 -2.62546456e+00 4.19009985e+00 -2.62546456e+00 2.91490583e+01 -7.49310374e-01 4.19009985e+00 -7.49310374e-01 4.22777424e+01
-1.17651539e+01 7.86454964e+00 -1.54003561e+00 7.86454964e+00 -4.00436306e+00 1.89401894e+01 -1.54003561e+00 1.89401894e+01 -4.75154877e+01
1.35010770e+01 4.67533487e+00 -3.20609772e+00 4.67533487e+00 2.16294352e+01 -3.97964835e-01 -3.20609772e+00 -3.97964835e-01 8.40487957e+00
1.18738194e+01 -5.27331034e-01 4.27485152e+00 -5.27331034e-01 7.43339920e+00 2.63690527e+00 4.27485152e+00 2.63690527e+00 6.28020837e+00
-1.15217620e+00 4.65220696e+00 4.58509046e+00 4.65220696e+00 1.11081736e+01 -8.37155282e-01 4.58509046e+00 -8.37155282e-01 2.66200912e+00
-9.84016299e-01 -5.22511949e+00 -7.91161239e-01 -5.22511949e+00 6.24712795e+00 2.24530846e+00 -7.91161239e-01 2.24530846e+00 9.96251214e+00
4.13637066e+00 -2.07144833e+00 -7.02126145e-01 -2.07144833e+00 -8.79837036e+00 -3.17487793e-01 -7.02126145e-01 -3.17487793e-01 6.27385437e+00
-1.79051566e+00 3.15690041e-03 -1.68108881e+00 3.15690041e-03 -7.30269074e+00 -1.40564206e+00 -1.68108881e+00 -1.40564206e+00 3.53825867e+00
-7.95971375e+01 2.50186205e+00 -2.74842429e+00 2.50186205e+00 -5.70381622e+01 8.51720154e-01 -2.74842429e+00 8.51720154e-01 -1.75632706e+02
-1.14448914e+02 3.41011381e+00 -3.24012518e-01 3.41011381e+00 -1.03695656e+02 2.09582949e+00 -3.24012518e-01 2.09582949e+00 -2.66168518e+02
2.00477982e+00 -1.44136059e+00 1.47277261e+00 -1.44136059e+00 4.53890800e-01 2.15953239e+00 1.47277261e+00 2.15953239e+00 -2.72261264e+01
-3.71894312e+00 -2.12045562e+00 3.72184038e+00 -2.12045562e+00 -9.20089769e+00 5.46872783e-02 3.72184038e+00 5.46872783e-02 -4.28110330e+01
1.23214690e+00 2.33340198e+00 -1.36339378e-01 2.33340198e+00 -2.70394206e-01 -7.31257558e-01 -1.36339378e-01 -7.31257558e-01 3.30942284e+00
1.24828100e+01 1.50423876e+00 5.11647662e-02 1.50423876e+00 2.70729189e+01 5.90897218e+00 5.11647662e-02 5.90897218e+00 2.46394466e+01
2.45270240e+00 1.38508546e+00 4.33082387e-01 1.38508546e+00 -6.02037764e+00 5.97330302e-01 4.33082387e-01 5.97330302e-01 -2.83510745e+00
3.07478666e+00 -1.98766667e+00 1.01252849e+00 -1.98766667e+00 -2.39654922e+00 8.35269652e-01 1.01252849e+00 8.35269652e-01 -2.83100677e+01
9.30767345e+00 1.41303718e+00 -2.85894901e-01 1.41303718e+00 4.06364870e+00 1.81179028e-02 -2.85894901e-01 1.81179028e-02 -1.50784492e+01
-1.70510769e+00 -1.26456743e+00 2.92050108e-01 -1.26456743e+00 -1.60617447e+00 3.92943788e+00 2.92050108e-01 3.92943788e+00 -3.38580995e+01
-4.97366083e+00 -2.28707451e+00 -5.55730164e-02 -2.28707451e+00 -1.39062285e+01 3.84189165e+00 -5.55730164e-02 3.84189165e+00 -4.83463802e+01
1.48247070e+01 3.09595650e+00 -2.13972394e+00 3.09595650e+00 3.99643326e+00 5.08461833e-01 -2.13972394e+00 5.08461833e-01 -9.39882469e+00
3.55098248e+00 -1.45555532e+00 -1.48604783e+00 -1.45555532e+00 2.14388850e+01 1.90168607e+00 -1.48604783e+00 1.90168607e+00 4.94956970e-01
2.43830674e+01 4.04602411e+00 -2.63071138e+00 4.04602411e+00 2.69719272e+01 2.37766767e+00 -2.63071138e+00 2.37766767e+00 2.73753598e+01
-6.62806463e+00 1.41732073e+00 -1.17732173e+00 1.41732073e+00 1.90125489e+00 7.09600523e-01 -1.17732173e+00 7.09600523e-01 4.04716623e+00
-4.54606056e+00 1.53173614e+00 -9.11117345e-03 1.53173614e+00 -4.57973421e-01 -1.63357675e-01 -9.11117345e-03 -1.63357675e-01 8.07081461e-01
</DataArray>
<DataArray type="Float32" Name="Logarithmic_strain_components" NumberOfComponents="9" format="ascii">
2.00278737e-02 -5.08770217e-03 1.64024628e-03 -5.08770217e-03 1.76596649e-02 5.15101676e-03 1.64024628e-03 5.15101676e-03 -3.13591750e-02
2.12681355e-02 -8.68579769e-03 9.18829661e-04 -8.68579769e-03 2.26042502e-02 9.44815417e-03 9.18829661e-04 9.44815417e-03 -3.69303285e-02
2.49269786e-02 -2.10485654e-04 3.77186207e-03 -2.10485654e-04 3.19280298e-02 -2.63605796e-03 3.77186207e-03 -2.63605796e-03 -4.84133959e-02
2.02124082e-02 -4.98256006e-04 -2.24317140e-03 -4.98256006e-04 2.44550756e-02 -2.85960443e-04 -2.24317140e-03 -2.85960443e-04 -3.80012076e-02
2.05009329e-02 3.44638457e-03 9.72707434e-03 3.44638457e-03 2.57969273e-02 5.34068898e-03 9.72707434e-03 5.34068898e-03 -3.78918056e-02
2.34673691e-02 -7.15482590e-03 -8.98205279e-03 -7.15482590e-03 3.55495978e-02 1.03408035e-02 -8.98205279e-03 1.03408035e-02 -4.90947286e-02
3.54569105e-02 -1.68974511e-04 4.07833926e-04 -1.68974511e-04 3.99818672e-02 -1.03281257e-02 4.07833926e-04 -1.03281257e-02 -6.42168829e-02
2.43797619e-02 1.14299852e-02 9.17537323e-03 1.14299852e-02 3.01582632e-02 1.06470600e-02 9.17537323e-03 1.06470600e-02 -4.59486572e-02
2.89606997e-02 8.23294453e-04 -1.32060559e-02 8.23294453e-04 3.00692902e-02 1.31718703e-02 -1.32060559e-02 1.31718703e-02 -5.20714056e-02
3.91294826e-02 1.18335368e-03 -4.27021342e-03 1.18335368e-03 4.36706636e-02 1.77126434e-02 -4.27021342e-03 1.77126434e-02 -7.46591426e-02
4.21605955e-02 1.92375615e-02 -6.38980046e-02 1.92375615e-02 4.20879954e-02 -3.94748431e-03 -6.38980046e-02 -3.94748431e-03 -7.40939106e-02
6.01847898e-02 2.20133113e-02 -5.18295281e-02 2.20133113e-02 3.74491438e-02 -9.55507910e-03 -5.18295281e-02 -9.55507910e-03 -8.52387883e-02
-1.17236937e-06 -2.91994293e-05 -9.17159377e-06 -2.91994293e-05 6.31305380e-06 7.06721539e-06 -9.17159377e-06 7.06721539e-06 -1.05588751e-05
-6.75889004e-06 -6.97163568e-06 -7.55366182e-06 -6.97163568e-06 2.14771035e-07 -8.27848316e-06 -7.55366182e-06 -8.27848316e-06 1.53668822e-06
1.60142504e-05 -7.76533716e-06 -4.11446081e-07 -7.76533716e-06 8.93812398e-07 2.42674946e-05 -4.11446081e-07 2.42674946e-05 -2.22044819e-05
1.03720317e-05 -2.99535241e-05 -1.83918473e-06 -2.99535241e-05 -4.03519971e-06 -2.27048331e-05 -1.83918473e-06 -2.27048331e-05 -1.07229853e-05
4.34345202e-06 1.01355981e-05 1.79703238e-05 1.01355981e-05 1.68410384e-06 1.12296284e-05 1.79703238e-05 1.12296284e-05 -1.33238495e-06
-3.83426777e-06 2.28173349e-06 6.80088851e-06 2.28173349e-06 -5.89099000e-06 -2.03495665e-06 6.80088851e-06 -2.03495665e-06 1.19740389e-05
-1.27965700e-06 2.86073464e-06 -1.43691486e-05 2.86073464e-06 3.64433936e-06 -2.65956769e-05 -1.43691486e-05 -2.65956769e-05 2.01060152e-06
-8.98971666e-06 1.03458860e-05 -6.37060748e-06 1.03458860e-05 -4.57113811e-06 1.70502717e-05 -6.37060748e-06 1.70502717e-05 1.65525853e-05
3.20759658e-02 7.23922858e-06 8.27900693e-03 7.23922858e-06 3.34954243e-02 -1.86519581e-03 8.27900693e-03 -1.86519581e-03 -5.55787813e-02
3.29701733e-02 1.01384241e-03 5.76105760e-03 1.01384241e-03 3.22106155e-02 1.73216382e-03 5.76105760e-03 1.73216382e-03 -5.52503671e-02
3.17029627e-02 -7.14119227e-03 9.39729075e-03 -7.14119227e-03 3.25650033e-02 2.54699573e-03 9.39729075e-03 2.54699573e-03 -5.41544594e-02
3.06102070e-02 9.43687221e-04 8.49058601e-03 9.43687221e-04 3.43460310e-02 -4.37243737e-03 8.49058601e-03 -4.37243737e-03 -5.50231114e-02
