<VTKFile type="UnstructuredGrid" version="0.1" byte_order="LittleEndian">
<UnstructuredGrid>
<Piece NumberOfPoints="173" NumberOfCells="80">
<Points>
<DataArray type="Float64" NumberOfComponents="3" format="ascii">
 0.00000000e+00  0.00000000e+00  0.00000000e+00
 1.00140214e+00  0.00000000e+00  0.00000000e+00
 1.00168777e+00  1.00487995e+00  0.00000000e+00
 0.00000000e+00  1.00454462e+00  0.00000000e+00
 0.00000000e+00  0.00000000e+00  9.94607568e-01
 1.00152576e+00  0.00000000e+00  9.94205177e-01
 1.00153208e+00  1.00431883e+00  9.94638085e-01
 0.00000000e+00  1.00425684e+00  9.95092332e-01
 2.00331450e+00  0.00000000e+00  0.00000000e+00
 2.00353765e+00  1.00573301e+00  0.00000000e+00
 2.00344110e+00  0.00000000e+00  9.92954433e-01
 2.00355172e+00  1.00467312e+00  9.93962407e-01
 3.00573850e+00  0.00000000e+00  0.00000000e+00
 3.00569773e+00  1.00670719e+00  0.00000000e+00
 3.00618076e+00  0.00000000e+00  9.91793931e-01
 3.00598598e+00  1.00516462e+00  9.92967665e-01
 4.00904369e+00  0.00000000e+00  0.00000000e+00
 4.00833321e+00  1.00739241e+00  0.00000000e+00
 4.00967264e+00  0.00000000e+00  9.91060853e-01
 4.00897932e+00  1.00538790e+00  9.91492391e-01
 5.01382399e+00  0.00000000e+00  0.00000000e+00
 5.01209879e+00  1.00829232e+00  0.00000000e+00
 5.01399422e+00  0.00000000e+00  9.89218175e-01
 5.01297092e+00  1.00571275e+00  9.90072966e-01
 6.01978588e+00  0.00000000e+00  0.00000000e+00
 6.01613092e+00  1.01139641e+00  0.00000000e+00
 6.01825762e+00  0.00000000e+00  9.88048315e-01
 6.01779175e+00  1.00734794e+00  9.88265276e-01
 1.00204968e+00  2.00803137e+00  0.00000000e+00
 0.00000000e+00  2.00771379e+00  0.00000000e+00
 1.00172842e+00  2.00771117e+00  9.96145427e-01
 0.00000000e+00  2.00750923e+00  9.96058643e-01
 2.00395203e+00  2.00884223e+00  0.00000000e+00
 2.00358152e+00  2.00841761e+00  9.96448696e-01
 3.00553584e+00  2.00989747e+00  0.00000000e+00
 3.00526977e+00  2.00908780e+00  9.97184277e-01
 4.00703621e+00  2.01140952e+00  0.00000000e+00
 4.00750923e+00  2.00964117e+00  9.96551871e-01
 5.00853252e+00  2.01243520e+00  0.00000000e+00
 5.00939465e+00  2.01064229e+00  9.96873319e-01
 6.01003075e+00  2.01528645e+00  0.00000000e+00
 6.01219749e+00  2.01352906e+00  9.96638358e-01
 1.00214803e+00  3.00945544e+00  0.00000000e+00
 0.00000000e+00  3.00929928e+00  0.00000000e+00
 1.00181210e+00  3.00945568e+00  9.97465789e-01
 0.00000000e+00  3.00938439e+00  9.96987224e-01
 2.00384569e+00  3.00982738e+00  0.00000000e+00
 2.00350142e+00  3.00977874e+00  9.98259962e-01
 3.00489378e+00  3.01046681e+00  0.00000000e+00
 3.00443244e+00  3.01025248e+00  9.99496043e-01
 4.00514746e+00  3.01140404e+00  0.00000000e+00
 4.00491285e+00  3.01073694e+00  1.00027430e+00
 5.00650501e+00  3.01218176e+00  0.00000000e+00
 5.00631571e+00  3.01157165e+00  1.00041795e+00
 6.00648642e+00  3.01476884e+00  0.00000000e+00
 6.00664330e+00  3.01447248e+00  1.00023246e+00
 1.00202191e+00  4.01005268e+00  0.00000000e+00
 0.00000000e+00  4.01010180e+00  0.00000000e+00
 1.00172675e+00  4.01023817e+00  9.97842491e-01
 0.00000000e+00  4.01024961e+00  9.97495115e-01
 2.00347614e+00  4.01016903e+00  0.00000000e+00
 2.00307035e+00  4.01009703e+00  9.98653173e-01
 3.00404072e+00  4.01052761e+00  0.00000000e+00
 3.00363135e+00  4.01042509e+00  9.99716222e-01
 4.00399256e+00  4.01130247e+00  0.00000000e+00
 4.00393438e+00  4.01134014e+00  1.00002599e+00
 6.00434208e+00  4.01370239e+00  0.00000000e+00
 5.00428486e+00  4.01222801e+00  0.00000000e+00
 6.00439215e+00  4.01382637e+00  9.99994099e-01
 5.00430489e+00  4.01232958e+00  1.00007772e+00
 1.00184178e+00  5.01073265e+00  0.00000000e+00
 0.00000000e+00  5.01093102e+00  0.00000000e+00
 1.00156784e+00  5.01083946e+00  9.97745514e-01
 0.00000000e+00  5.01099062e+00  9.97199774e-01
 2.00304532e+00  5.01048565e+00  0.00000000e+00
 2.00258875e+00  5.01055574e+00  9.98668015e-01
 3.00330639e+00  5.01071692e+00  0.00000000e+00
 3.00306845e+00  5.01070929e+00  9.99696910e-01
 4.00330639e+00  5.01131678e+00  0.00000000e+00
 4.00321531e+00  5.01131868e+00  1.00003767e+00
 5.00318336e+00  5.01233196e+00  0.00000000e+00
 5.00321341e+00  5.01234293e+00  9.99997735e-01
 6.00319958e+00  5.01347303e+00  0.00000000e+00
 6.00321579e+00  5.01343012e+00  9.99973714e-01
 1.00207603e+00  6.01176214e+00  0.00000000e+00
 0.00000000e+00  6.01208448e+00  0.00000000e+00
 1.00160086e+00  6.01177216e+00  9.97454107e-01
 0.00000000e+00  6.01211977e+00  9.96791899e-01
 2.00306439e+00  6.01100349e+00  0.00000000e+00
 2.00256634e+00  6.01127672e+00  9.98398542e-01
 3.00295758e+00  6.01080942e+00  0.00000000e+00
 3.00278306e+00  6.01102734e+00  9.99525547e-01
 4.00255394e+00  6.01140356e+00  0.00000000e+00
 4.00245857e+00  6.01138926e+00  1.00006163e+00
 5.00227880e+00  6.01235247e+00  0.00000000e+00
 5.00226355e+00  6.01235867e+00  1.00002754e+00
 6.00220442e+00  6.01339436e+00  0.00000000e+00
 6.00221634e+00  6.01337099e+00  1.00002623e+00
 0.00000000e+00  0.00000000e+00  1.98955834e+00
 1.00194967e+00  0.00000000e+00  1.98899114e+00
 1.00170827e+00  1.00334644e+00  1.98984742e+00
 0.00000000e+00  1.00356495e+00  1.99031305e+00
 2.00444627e+00  0.00000000e+00  1.98800051e+00
 2.00377917e+00  1.00266218e+00  1.98783958e+00
 3.00723219e+00  0.00000000e+00  1.98594928e+00
 3.00725460e+00  1.00244355e+00  1.98614907e+00
 4.01113987e+00  0.00000000e+00  1.98310935e+00
 4.01080322e+00  1.00275254e+00  1.98555446e+00
 5.01487017e+00  0.00000000e+00  1.98089468e+00
 5.01473379e+00  1.00284123e+00  1.98343170e+00
 6.01771259e+00  0.00000000e+00  1.97958040e+00
 6.01862240e+00  1.00263119e+00  1.98173785e+00
 1.00103700e+00  2.00669098e+00  1.99169922e+00
 0.00000000e+00  2.00688410e+00  1.99262702e+00
 2.00319266e+00  2.00647068e+00  1.99147439e+00
 3.00633645e+00  2.00712395e+00  1.99095154e+00
 4.01023006e+00  2.00785112e+00  1.98793352e+00
 5.01468658e+00  2.00808215e+00  1.98749113e+00
 6.01983404e+00  2.00770998e+00  1.98523819e+00
 1.00092876e+00  3.00948882e+00  1.99419832e+00
 0.00000000e+00  3.00928426e+00  1.99485612e+00
 2.00226045e+00  3.00954413e+00  1.99637473e+00
 3.00198054e+00  3.00971508e+00  2.00049973e+00
 1.00113714e+00  4.01069784e+00  1.99592149e+00
 0.00000000e+00  4.01065540e+00  1.99546909e+00
 2.00208664e+00  4.01044607e+00  1.99755263e+00
 3.00247383e+00  4.00983143e+00  1.99902034e+00
 1.00088143e+00  5.01126719e+00  1.99576032e+00
 0.00000000e+00  5.01144075e+00  1.99522376e+00
 2.00187564e+00  5.01093292e+00  1.99726486e+00
 3.00303030e+00  5.01052952e+00  1.99794948e+00
 1.00048780e+00  6.01234674e+00  1.99478447e+00
 0.00000000e+00  6.01192713e+00  1.99505579e+00
 2.00155807e+00  6.01263809e+00  1.99582565e+00
 3.00320792e+00  6.01222944e+00  1.99659073e+00
 5.00325203e+00  5.01232147e+00  1.99999750e+00
 6.00325441e+00  5.01331758e+00  1.99996543e+00
 6.00224257e+00  6.01333332e+00  2.00003266e+00
 5.00222683e+00  6.01232433e+00  2.00004196e+00
 0.00000000e+00  0.00000000e+00  2.98450184e+00
 1.00278878e+00  0.00000000e+00  2.98396087e+00
 1.00268400e+00  1.00278831e+00  2.98512793e+00
 0.00000000e+00  1.00283611e+00  2.98564363e+00
 2.00607538e+00  0.00000000e+00  2.98225856e+00
 2.00533462e+00  1.00203383e+00  2.98397255e+00
 3.00922918e+00  0.00000000e+00  2.98070550e+00
 3.00923610e+00  1.00142074e+00  2.98131919e+00
 4.01295519e+00  0.00000000e+00  2.97912550e+00
 4.01293802e+00  1.00156331e+00  2.97845554e+00
 5.01601124e+00  0.00000000e+00  2.97704864e+00
 5.01633739e+00  1.00181210e+00  2.97731900e+00
 6.01829529e+00  0.00000000e+00  2.97611547e+00
 6.01895666e+00  1.00129712e+00  2.97657537e+00
 1.00156415e+00  2.00523210e+00  2.98775673e+00
 0.00000000e+00  2.00626183e+00  2.98824787e+00
 2.00457287e+00  2.00486040e+00  2.98368788e+00
 3.00810790e+00  2.00557685e+00  2.97948265e+00
 4.01338625e+00  2.00648689e+00  2.97962594e+00
 5.01728296e+00  2.00521970e+00  2.97829914e+00
 6.02030849e+00  2.00396514e+00  2.97800732e+00
 1.00076640e+00  3.00897455e+00  2.99232817e+00
 0.00000000e+00  3.00906014e+00  2.99076843e+00
 2.00409317e+00  3.00837684e+00  2.98816752e+00
 1.00058544e+00  4.01096916e+00  2.99422479e+00
 0.00000000e+00  4.01141024e+00  2.99348235e+00
 2.00156951e+00  4.01106501e+00  2.99675298e+00
 1.00068736e+00  5.01232815e+00  2.99395990e+00
 0.00000000e+00  5.01181555e+00  2.99428487e+00
 2.00169134e+00  5.01264095e+00  2.99409223e+00
 3.00112605e+00  4.01149130e+00  3.00022531e+00
 3.00391626e+00  5.01126099e+00  2.99484205e+00
 1.00037456e+00  6.01284885e+00  2.99365163e+00
 0.00000000e+00  6.01294422e+00  2.99269938e+00
</DataArray>
</Points>
<PointData Tensors="Stress_Components,Plastic_strain_components" Vevtors="Spatial_displacement,Reaction_force" Scalars="Equivalent_plastic_strain,Stress_Mises,Stress_Max_Principal,Stress_Mid_Principal,Stress_Min_Principal,Stress_Pressure,Stress_Tresca,Stress_Third_Invariant,Plastic_strain_Max_Principal,Plastic_strain_Min_Principal">
<DataArray type="Float32" Name="Stress_Components" NumberOfComponents="9" format="ascii">
-4.43347025e+00 -9.95584764e-04 1.00289099e-03 -9.95584764e-04 5.67219210e+00 3.91225331e-04 1.00289099e-03 3.91225331e-04 -2.67902584e+01
-4.99687111e+00 4.63629097e-01 -9.87925101e-04 4.63629097e-01 4.89654994e+00 2.28754647e-01 -9.87925101e-04 2.28754647e-01 -2.83687391e+01
-3.39827645e+00 1.57466495e+00 -8.81263673e-01 1.57466495e+00 4.03319174e+00 -2.46973537e-01 -8.81263673e-01 -2.46973537e-01 -2.80501552e+01
-2.89107740e+00 5.88948518e-01 -4.61939275e-01 5.88948518e-01 4.76438224e+00 -6.29012357e-04 -4.61939275e-01 -6.29012357e-04 -2.68269224e+01
-3.86527860e+00 -4.12855297e-06 8.77748758e-01 -4.12855297e-06 5.29679132e+00 -5.14677629e-01 8.77748758e-01 -5.14677629e-01 -2.68639202e+01
-3.82335418e+00 9.39561275e-03 5.19256949e-01 9.39561275e-03 4.65141320e+00 -7.28269868e-01 5.19256949e-01 -7.28269868e-01 -2.77714553e+01
-2.98660734e+00 5.95400985e-01 2.67774794e-01 5.95400985e-01 4.27604613e+00 -1.02512753e+00 2.67774794e-01 -1.02512753e+00 -2.75068142e+01
-3.04345375e+00 1.17887259e-01 4.63873975e-01 1.17887259e-01 4.88037169e+00 -9.33014557e-01 4.63873975e-01 -9.33014557e-01 -2.67604833e+01
-6.92045832e+00 2.91582555e-01 -3.97623051e-03 2.91582555e-01 2.92841613e+00 1.38141543e-01 -3.97623051e-03 1.38141543e-01 -3.28131771e+01
-3.88817436e+00 2.01293010e+00 -1.52339306e+00 2.01293010e+00 3.23169088e+00 7.10737519e-02 -1.52339306e+00 7.10737519e-02 -2.93706470e+01
-3.68825126e+00 2.32530452e-01 1.17178050e+00 2.32530452e-01 3.53159910e+00 -8.65397412e-01 1.17178050e+00 -8.65397412e-01 -2.92404575e+01
-3.93035830e+00 8.94154564e-01 1.10051718e-01 8.94154564e-01 2.43545524e+00 -1.19786232e+00 1.10051718e-01 -1.19786232e+00 -3.08596385e+01
-8.24667168e+00 6.39005974e-02 -6.13291026e-03 6.39005974e-02 1.32685494e+00 5.97694397e-01 -6.13291026e-03 5.97694397e-01 -3.61455841e+01
-4.48201880e+00 1.08582325e+00 -2.07177487e+00 1.08582325e+00 2.25475623e+00 2.92629272e-01 -2.07177487e+00 2.92629272e-01 -3.13725715e+01
-4.06734937e+00 -3.02025899e-01 1.29209065e+00 -3.02025899e-01 1.73435456e+00 -3.50656878e-01 1.29209065e+00 -3.50656878e-01 -3.20919023e+01
-4.17400269e+00 -8.69617998e-02 6.80101998e-01 -8.69617998e-02 1.30781830e+00 -5.75388473e-01 6.80101998e-01 -5.75388473e-01 -3.23906438e+01
-6.64532137e+00 -8.90448660e-01 -7.43639306e-04 -8.90448660e-01 8.17460671e-01 6.33716077e-01 -7.43639306e-04 6.33716077e-01 -3.54541788e+01
-5.94525301e+00 -4.71653808e-01 -2.45832688e+00 -4.71653808e-01 3.36128056e-01 7.55025908e-01 -2.45832688e+00 7.55025908e-01 -3.52217422e+01
-3.81296751e+00 -9.53582034e-01 5.27766369e-01 -9.53582034e-01 4.05552685e-02 -2.68480547e-01 5.27766369e-01 -2.68480547e-01 -3.39746017e+01
-2.72117156e+00 -1.20843264e+00 5.59456199e-01 -1.20843264e+00 1.10496579e+00 -5.18385172e-02 5.59456199e-01 -5.18385172e-02 -3.10885577e+01
-5.29285330e+00 -1.58892322e+00 -1.47249302e-03 -1.58892322e+00 4.04560447e-01 1.48529269e-01 -1.47249302e-03 1.48529269e-01 -3.48091497e+01
-4.93597671e+00 -1.33078274e+00 -2.74691871e+00 -1.33078274e+00 -1.58857085e-01 9.40416068e-01 -2.74691871e+00 9.40416068e-01 -3.47191467e+01
-2.03967726e+00 -1.10238089e+00 1.02084485e+00 -1.10238089e+00 1.15834218e+00 -9.21432495e-01 1.02084485e+00 -9.21432495e-01 -3.07765675e+01
-2.32134026e+00 -1.98565364e+00 1.55571248e+00 -1.98565364e+00 9.11997259e-03 -2.11208507e-01 1.55571248e+00 -2.11208507e-01 -3.16708009e+01
-1.09025497e+01 -3.22160339e+00 -3.97666637e-03 -3.22160339e+00 -1.26713061e+00 -1.18203211e+00 -3.97666637e-03 -1.18203211e+00 -4.15695839e+01
-9.95607901e+00 -2.14936540e+00 -4.03650856e+00 -2.14936540e+00 -3.20447242e+00 2.03268600e+00 -4.03650856e+00 2.03268600e+00 -4.23030701e+01
-4.45077622e+00 -4.87035140e-01 2.30609402e-01 -4.87035140e-01 2.02000620e+00 -1.79258496e+00 2.30609402e-01 -1.79258496e+00 -3.21682835e+01
-5.34835282e+00 -1.91198012e+00 3.99499714e-01 -1.91198012e+00 -9.85629648e-01 -3.64201276e-01 3.99499714e-01 -3.64201276e-01 -3.55573573e+01
1.25181869e+00 1.93572307e+00 -6.88526958e-01 1.93572307e+00 2.26888421e+00 -7.06197813e-01 -6.88526958e-01 -7.06197813e-01 -2.56684408e+01
6.33182526e-01 7.39293993e-01 -5.11312440e-01 7.39293993e-01 1.83301467e+00 -1.83204142e-03 -5.11312440e-01 -1.83204142e-03 -2.71039772e+01
-4.39826299e-01 1.39899196e+00 1.44959030e+00 1.39899196e+00 2.62213716e+00 -9.14565414e-01 1.44959030e+00 -9.14565414e-01 -2.70240505e+01
9.42767635e-02 5.53186581e-01 1.12397185e+00 5.53186581e-01 3.64804110e+00 -9.67693999e-02 1.12397185e+00 -9.67693999e-02 -2.56281505e+01
2.65227687e+00 2.64446706e+00 -1.12605987e+00 2.64446706e+00 3.40739636e+00 -9.01826099e-01 -1.12605987e+00 -9.01826099e-01 -2.25695181e+01
4.30068251e-01 1.56500752e+00 1.87434293e+00 1.56500752e+00 3.02971306e+00 1.34748556e-01 1.87434293e+00 1.34748556e-01 -2.55231032e+01
5.71072495e+00 2.06765914e+00 -2.11834496e+00 2.06765914e+00 5.99743430e+00 -4.40091297e-01 -2.11834496e+00 -4.40091297e-01 -1.65490296e+01
1.22824492e+00 1.08349669e-02 3.65586344e+00 1.08349669e-02 3.29155878e+00 7.88639946e-01 3.65586344e+00 7.88639946e-01 -2.43630804e+01
6.35222900e+00 -7.24690467e-01 -3.59090644e+00 -7.24690467e-01 7.09341604e+00 1.07120095e+00 -3.59090644e+00 1.07120095e+00 -1.43332975e+01
-2.95722961e-01 -2.28149841e+00 4.28996042e+00 -2.28149841e+00 3.35122383e+00 1.63442818e+00 4.28996042e+00 1.63442818e+00 -2.51837115e+01
7.76898086e+00 -1.86924189e+00 -3.54808396e+00 -1.86924189e+00 6.40527534e+00 1.92492542e+00 -3.54808396e+00 1.92492542e+00 -1.16899092e+01
-5.52685330e-01 -2.91008015e+00 5.05211127e+00 -2.91008015e+00 1.26532849e+00 4.11207563e+00 5.05211127e+00 4.11207563e+00 -2.59996618e+01
6.52526748e+00 -2.50565839e+00 -4.05104899e+00 -2.50565839e+00 2.82455873e+00 4.90182829e+00 -4.05104899e+00 4.90182829e+00 -1.72907953e+01
-5.26469462e+00 -5.51022458e+00 5.57176542e+00 -5.51022458e+00 -4.21954966e+00 6.31893341e+00 5.57176542e+00 6.31893341e+00 -3.45277427e+01
5.52383196e+00 1.05688244e+00 -9.35691632e-02 1.05688244e+00 -5.29747814e-01 -1.09350245e+00 -9.35691632e-02 -1.09350245e+00 -2.36757975e+01
4.18553174e+00 5.85239708e-01 2.28859887e-01 5.85239708e-01 -1.69736612e+00 5.17469598e-03 2.28859887e-01 5.17469598e-03 -2.66523256e+01
3.59810387e+00 7.87575596e-01 2.34989570e+00 7.87575596e-01 1.69479877e-01 -8.10593907e-02 2.34989570e+00 -8.10593907e-02 -2.52797203e+01
3.99865133e+00 2.86090683e-01 2.07370085e+00 2.86090683e-01 8.41716290e-01 1.24848756e+00 2.07370085e+00 1.24848756e+00 -2.42722707e+01
7.43219936e+00 1.67516509e+00 -2.04993140e-01 1.67516509e+00 1.70142430e+00 -1.33945465e+00 -2.04993140e-01 -1.33945465e+00 -1.93959193e+01
7.00568594e+00 1.03104000e+00 3.48667375e+00 1.03104000e+00 3.35162115e+00 1.42257143e+00 3.48667375e+00 1.42257143e+00 -1.84110796e+01
1.22665436e+01 1.00437701e+00 -1.54560652e+00 1.00437701e+00 7.30264556e+00 -3.38245982e+00 -1.54560652e+00 -3.38245982e+00 -9.44259804e+00
1.07038734e+01 -2.55329696e+00 3.21032342e+00 -2.55329696e+00 5.55477103e+00 -4.82519289e-01 3.21032342e+00 -4.82519289e-01 -4.78688951e+00
1.52538856e+01 -6.53573791e+00 -5.46086629e+00 -6.53573791e+00 6.84353836e+00 -1.36311940e+00 -5.46086629e+00 -1.36311940e+00 5.96707014e+00
4.46200577e+00 -6.13338916e+00 4.68480078e+00 -6.13338916e+00 7.67868249e+00 2.61444467e+00 4.68480078e+00 2.61444467e+00 3.08753808e-01
1.31779610e+01 4.24671030e+00 -7.27466897e+00 4.24671030e+00 5.59094469e-01 -1.24215649e+00 -7.27466897e+00 -1.24215649e+00 4.64656798e+00
-3.47372770e-01 8.84822766e-01 6.38084412e+00 8.84822766e-01 5.65564911e+00 -2.19498582e+00 6.38084412e+00 -2.19498582e+00 -2.11997430e+00
8.16512632e+00 -6.82963431e+00 -5.23298837e-01 -6.82963431e+00 -9.53022933e+00 3.79770917e+00 -5.23298837e-01 3.79770917e+00 3.94316089e+00
-4.96300220e-01 -2.08595324e+00 4.33677053e+00 -2.08595324e+00 -8.32465303e+00 2.14667013e-02 4.33677053e+00 2.14667013e-02 -2.07661653e+00
6.16515458e+00 -2.76681434e-01 6.90857410e-01 -2.76681434e-01 -2.72393042e+00 -1.22367194e+00 6.90857410e-01 -1.22367194e+00 -2.47650604e+01
5.29871893e+00 -1.56436853e-01 4.85406071e-01 -1.56436853e-01 -3.38130903e+00 3.53966723e-03 4.85406071e-01 3.53966723e-03 -2.66135950e+01
5.70114142e+00 -7.34732155e-01 1.99551159e+00 -7.34732155e-01 -1.48016169e+00 4.55527535e-01 1.99551159e+00 4.55527535e-01 -2.42010005e+01
5.18781579e+00 -5.40860584e-02 1.27627853e+00 -5.40860584e-02 -2.04047164e+00 1.25202513e+00 1.27627853e+00 1.25202513e+00 -2.53274798e+01
7.63422322e+00 -4.05351698e-01 -5.81354067e-01 -4.05351698e-01 9.28900540e-02 -2.36944109e+00 -5.81354067e-01 -2.36944109e+00 -2.04585633e+01
7.30980030e+00 -1.83747650e+00 2.31515963e+00 -1.83747650e+00 3.64413142e-01 1.39916168e+00 2.31515963e+00 1.39916168e+00 -1.96864352e+01
9.14092982e+00 -2.51305027e+00 -1.70949733e+00 -2.51305027e+00 6.57978601e+00 -6.58716583e+00 -1.70949733e+00 -6.58716583e+00 -8.72335066e+00
1.05161862e+01 -8.27655375e-01 -1.54736435e+00 -8.27655375e-01 4.87468352e+00 2.14508704e+00 -1.54736435e+00 2.14508704e+00 -1.29996771e+01
7.61678700e+00 -6.82796597e-01 2.49140918e-01 -6.82796597e-01 3.72029404e+00 -1.41209010e+00 2.49140918e-01 -1.41209010e+00 5.49816187e+00
1.16959909e+01 2.81047833e+00 -9.31950847e-01 2.81047833e+00 5.16139253e+00 3.40068632e+00 -9.31950847e-01 3.40068632e+00 -4.11752284e-01
5.52695072e+00 1.11111617e+00 1.93018347e+00 1.11111617e+00 -1.20324302e+01 8.00441980e-01 1.93018347e+00 8.00441980e-01 3.40333238e+00
4.25420515e+00 -4.65757783e+00 2.17700410e+00 -4.65757783e+00 -2.18279243e-01 4.73713169e-01 2.17700410e+00 4.73713169e-01 1.94851812e+00
9.18072701e+00 -2.19743133e+00 4.17146325e-01 -2.19743133e+00 -1.53972273e+01 -4.50556710e-01 4.17146325e-01 -4.50556710e-01 5.64133203e+00
2.20941981e+00 -1.28410109e+00 -2.29968455e+00 -1.28410109e+00 5.75643341e+00 -7.06633290e-01 -2.29968455e+00 -7.06633290e-01 -2.04182533e+00
3.64676884e+00 -8.90778437e-01 4.47322510e-01 -8.90778437e-01 -1.78388301e+00 -1.19791815e+00 4.47322510e-01 -1.19791815e+00 -2.73806777e+01
3.63255215e+00 -7.72950441e-01 1.34543173e-01 -7.72950441e-01 -2.49051058e+00 8.78067501e-03 1.34543173e-01 8.78067501e-03 -2.81464558e+01
3.49292246e+00 -1.37174387e+00 3.13845884e-01 -1.37174387e+00 -1.18959145e+00 1.28421219e+00 3.13845884e-01 1.28421219e+00 -2.67363572e+01
3.31430167e+00 -6.18507087e-01 -4.52093013e-01 -6.18507087e-01 -1.90710212e+00 2.30261806e+00 -4.52093013e-01 2.30261806e+00 -2.75924397e+01
3.12792575e+00 -9.08841550e-01 5.19496374e-01 -9.08841550e-01 1.94420218e-02 -3.40310103e+00 5.19496374e-01 -3.40310103e+00 -2.51297359e+01
2.63957521e+00 -2.10864723e+00 7.04476625e-01 -2.10864723e+00 9.23545495e-01 2.65375490e+00 7.04476625e-01 2.65375490e+00 -2.53825228e+01
3.58935389e+00 -1.84857011e+00 -1.34984517e-01 -1.84857011e+00 4.59992606e+00 -4.45749980e+00 -1.34984517e-01 -4.45749980e+00 -1.65059485e+01
2.64318559e+00 -4.15811161e-01 -1.71696026e+00 -4.15811161e-01 2.22644821e+00 6.90518097e+00 -1.71696026e+00 6.90518097e+00 -2.07964916e+01
-2.62724793e+00 1.83765972e+00 4.10102867e-02 1.83765972e+00 2.03830296e+00 -1.89563993e+00 4.10102867e-02 -1.89563993e+00 1.49250146e+00
1.45569611e+00 1.65001458e+00 4.13891405e-01 1.65001458e+00 -5.42681277e-01 1.23784423e+00 4.13891405e-01 1.23784423e+00 -9.44066048e-03
-2.23801324e+00 1.56184688e+00 2.28594523e-01 1.56184688e+00 2.59093850e+00 6.28929287e-01 2.28594523e-01 6.28929287e-01 -1.22292340e-01
-1.44542247e-01 1.15406175e+00 -2.01558304e-01 1.15406175e+00 4.49660230e-01 2.93040723e-02 -2.01558304e-01 2.93040723e-02 -2.67586184e-01
1.31805399e+00 1.50564145e+00 -8.85729373e-01 1.50564145e+00 -5.76733863e+00 3.42447698e-01 -8.85729373e-01 3.42447698e-01 -4.69349295e-01
1.56089893e+00 6.08460029e-01 -7.84332256e-01 6.08460029e-01 -5.68205682e+00 -5.47887385e-03 -7.84332256e-01 -5.47887385e-03 5.97090075e-01
1.66355681e+00 -1.38659853e+00 -1.11446697e-02 -1.38659853e+00 -1.81843799e+00 -1.98784071e+00 -1.11446697e-02 -1.98784071e+00 -2.95168800e+01
2.86651611e+00 -9.92611408e-01 1.37608156e-01 -9.92611408e-01 -3.32092905e+00 1.35083050e-02 1.37608156e-01 1.35083050e-02 -2.99094620e+01
1.17676363e+00 -1.63324299e+00 4.66540456e-02 -1.63324299e+00 -1.64704898e+00 7.74121732e-02 4.66540456e-02 7.74121732e-02 -3.02628946e+01
2.22343689e+00 -1.47138429e+00 -2.01387465e+00 -1.47138429e+00 -1.77809870e+00 2.75752270e+00 -2.01387465e+00 2.75752270e+00 -2.87529049e+01
-2.08518064e+00 -2.74859557e+00 2.17991388e+00 -2.74859557e+00 7.34027147e-01 -3.86247063e+00 2.17991388e+00 -3.86247063e+00 -2.93475132e+01
-2.15306055e+00 -2.50033891e+00 2.92967302e+00 -2.50033891e+00 1.96759474e-01 2.00982339e+00 2.92967302e+00 2.00982339e+00 -3.11319385e+01
-7.64062786e+00 -2.47375178e+00 4.37371898e+00 -2.47375178e+00 7.53910661e+00 -3.15450954e+00 4.37371898e+00 -3.15450954e+00 -1.90521479e+01
-6.55064297e+00 -2.79185259e+00 2.53104057e+00 -2.79185259e+00 3.25485897e+00 9.60710478e+00 2.53104057e+00 9.60710478e+00 -2.49888986e+01
-1.48336620e+01 3.90487790e-01 -2.95975670e-01 3.90487790e-01 2.92938793e+00 -1.98496234e+00 -2.95975670e-01 -1.98496234e+00 1.86655343e+00
-1.23992696e+01 -1.90566182e+00 2.06116170e-01 -1.90566182e+00 1.37294722e+00 3.24358809e+00 2.06116170e-01 3.24358809e+00 9.88624364e-01
-7.08009660e+00 1.88517308e+00 1.30101107e-01 1.88517308e+00 1.06186307e+00 -3.21278468e-01 1.30101107e-01 -3.21278468e-01 1.33394121e+00
-4.33654316e+00 9.92160082e-01 4.68122318e-01 9.92160082e-01 3.41097593e-01 -7.23566413e-01 4.68122318e-01 -7.23566413e-01 6.27592823e-01
-2.55176497e+00 9.72552180e-01 -4.83117759e-01 9.72552180e-01 -2.72748637e+00 2.50085056e-01 -4.83117759e-01 2.50085056e-01 1.62080359e+00
-1.43328592e+00 2.67175972e-01 4.58579868e-01 2.67175972e-01 -1.94793564e+00 3.69784832e-01 4.58579868e-01 3.69784832e-01 1.18451619e+00
-1.95159841e+00 6.20468752e-04 1.05257952e+00 6.20468752e-04 3.83885479e+00 -1.16890723e+00 1.05257952e+00 -1.16890723e+00 -2.72840366e+01
-1.27446988e+00 -3.61366577e-01 1.59919968e+00 -3.61366577e-01 2.83277944e+00 -2.78907374e-01 1.59919968e+00 -2.78907374e-01 -2.79547749e+01
-1.89331988e+00 -1.60054835e+00 1.14071403e+00 -1.60054835e+00 3.58111385e+00 -1.00419343e+00 1.14071403e+00 -1.00419343e+00 -2.72138088e+01
-2.33998811e+00 -3.31191733e-01 1.42566998e+00 -3.31191733e-01 4.09792274e+00 -6.55950844e-01 1.42566998e+00 -6.55950844e-01 -2.71065292e+01
1.05309110e+00 -1.23482686e+00 -2.04808787e-01 -1.23482686e+00 1.43828693e+00 -1.31824970e-01 -2.04808787e-01 -1.31824970e-01 -2.74872217e+01
-1.22788274e+00 -1.96946281e+00 6.22322246e-01 -1.96946281e+00 7.67063469e-01 -1.69872078e+00 6.22322246e-01 -1.69872078e+00 -2.93358209e+01
2.22468214e+00 1.10961264e-01 1.97386220e-01 1.10961264e-01 -4.80824180e-01 -1.45723635e+00 1.97386220e-01 -1.45723635e+00 -2.81553035e+01
-1.39071928e+00 -6.14551824e-01 6.28354251e-01 -6.14551824e-01 -1.07500636e+00 7.07569808e-01 6.28354251e-01 7.07569808e-01 -3.19098170e+01
1.26983854e+00 -6.22225963e-01 3.74017072e+00 -6.22225963e-01 -2.13475353e+00 -1.39088254e+00 3.74017072e+00 -1.39088254e+00 -3.01627569e+01
-1.22961068e+00 -4.79503274e-01 7.67721856e-01 -4.79503274e-01 -5.20208202e-01 1.02818736e+00 7.67721856e-01 1.02818736e+00 -3.18168073e+01
1.41620080e+00 -3.06509759e-01 3.81787217e+00 -3.06509759e-01 1.02310122e-01 -1.17237882e+00 3.81787217e+00 -1.17237882e+00 -2.73859477e+01
2.96159089e-03 -2.25045356e-01 2.02260425e+00 -2.25045356e-01 2.63388626e-01 -2.03891253e-01 2.02260425e+00 -2.03891253e-01 -2.94704247e+01
2.35661715e+00 1.57509673e+00 3.51493788e+00 1.57509673e+00 1.82707155e+00 -1.81399941e+00 3.51493788e+00 -1.81399941e+00 -2.46012163e+01
2.27539534e+00 1.11464393e+00 2.19442934e-01 1.11464393e+00 1.89535058e+00 -1.41729864e+00 2.19442934e-01 -1.41729864e+00 -2.52788363e+01
-2.29826796e+00 -1.27165969e+00 1.78170505e+00 -1.27165969e+00 3.76599979e+00 -1.59932726e+00 1.78170505e+00 -1.59932726e+00 -2.74233623e+01
-2.40389438e+00 -5.31530388e-01 3.55556279e+00 -5.31530388e-01 5.20226127e+00 -1.94284061e+00 3.55556279e+00 -1.94284061e+00 -2.47535281e+01
-6.10067356e+00 -8.99958442e-01 4.13796653e+00 -8.99958442e-01 -2.65445295e+00 -1.22978142e-01 4.13796653e+00 -1.22978142e-01 -3.88686984e+01
-1.02405034e+01 -1.56010031e+00 6.30837541e+00 -1.56010031e+00 -7.54237936e+00 1.17116356e-01 6.30837541e+00 1.17116356e-01 -4.71601433e+01
-7.22311831e+00 -1.78320289e-01 1.29692572e+00 -1.78320289e-01 -4.24955952e+00 2.01588523e+00 1.29692572e+00 2.01588523e+00 -4.20874023e+01
-8.44076169e+00 -4.97369468e-02 2.16289413e+00 -4.97369468e-02 -6.76788580e+00 3.88175356e+00 2.16289413e+00 3.88175356e+00 -4.56143436e+01
-7.48472655e+00 8.68284702e-01 -1.07619672e+00 8.68284702e-01 -6.77081132e+00 2.60629821e+00 -1.07619672e+00 2.60629821e+00 -4.46648865e+01
1.01428196e-01 4.49986251e-01 5.14449292e+00 4.49986251e-01 4.23333397e+00 1.41809136e-01 5.14449292e+00 1.41809136e-01 -2.26943970e+01
-4.15505603e-01 4.05084468e-01 3.13103038e+00 4.05084468e-01 4.73911372e+00 -2.05576721e+00 3.13103038e+00 -2.05576721e+00 -2.40172496e+01
-5.11265465e+00 -9.57782204e-01 6.30626404e+00 -9.57782204e-01 1.76910803e-01 6.68698176e+00 6.30626404e+00 6.68698176e+00 -2.99352522e+01
-1.47018838e+01 -1.27864170e+00 2.71491623e+00 -1.27864170e+00 -3.40751871e+00 1.04281261e+01 2.71491623e+00 1.04281261e+01 -6.62217140e-01
3.21721363e+00 -6.33477431e-01 4.22614790e+00 -6.33477431e-01 1.48803984e+00 1.86462907e+00 4.22614790e+00 1.86462907e+00 -2.16749113e+01
2.90877241e+00 2.64999095e-01 3.03646722e+00 2.64999095e-01 2.29470137e+00 1.92705056e+00 3.03646722e+00 1.92705056e+00 -2.36590195e+01
5.02755070e+00 -4.37312078e+00 4.64220369e+00 -4.37312078e+00 4.48437511e+00 4.45976802e+00 4.64220369e+00 4.45976802e+00 -1.70614834e+01
3.85133870e+00 1.56554021e+00 -1.11985220e+01 1.56554021e+00 5.33370709e+00 6.08817140e+00 -1.11985220e+01 6.08817140e+00 -9.45524140e+00
1.39418654e+00 -2.89627272e+00 8.25601947e-01 -2.89627272e+00 5.23630425e-01 2.71625753e+00 8.25601947e-01 2.71625753e+00 -2.61725106e+01
4.11546785e+00 -1.11733277e+00 1.28313735e+00 -1.11733277e+00 1.04916234e+00 3.14403218e+00 1.28313735e+00 3.14403218e+00 -2.43864045e+01
6.13930896e-01 -2.62285015e+00 3.23909625e-01 -2.62285015e+00 2.95046099e-01 2.58486500e+00 3.23909625e-01 2.58486500e+00 -2.67991016e+01
2.07842720e+00 -1.86275691e-03 -3.70020003e+00 -1.86275691e-03 1.19112650e+00 3.52550954e+00 -3.70020003e+00 3.52550954e+00 -2.65645623e+01
-1.53157696e+00 -2.14238800e-02 -1.91754898e+00 -2.14238800e-02 2.20804771e+00 -8.45157467e-01 -1.91754898e+00 -8.45157467e-01 -2.92017207e+01
8.49321902e-01 2.52250254e+00 1.51433492e+00 2.52250254e+00 1.05046269e+00 -1.72483939e+00 1.51433492e+00 -1.72483939e+00 -2.80681581e+01
-1.66024727e+00 -6.27966024e-01 1.38570768e+00 -6.27966024e-01 1.08413219e+00 -6.06187433e-02 1.38570768e+00 -6.06187433e-02 -3.15401971e+01
-8.58378673e+00 -1.97069794e-02 2.45800260e+00 -1.97069794e-02 -8.06209779e+00 6.05867386e+00 2.45800260e+00 6.05867386e+00 -4.77858257e+01
6.42846376e-02 -5.96998096e-01 5.89956343e-02 -5.96998096e-01 7.46175051e-02 -7.97892436e-02 5.89956343e-02 -7.97892436e-02 -4.10814568e-01
-2.18730807e-01 -3.23566645e-01 -2.30529964e-01 -3.23566645e-01 3.07709679e-01 -1.69567302e-01 -2.30529964e-01 -1.69567302e-01 -3.60898021e-01
1.50738094e-01 -6.55248649e-02 2.96417259e-01 -6.55248649e-02 1.30205732e-01 2.21985012e-01 2.96417259e-01 2.21985012e-01 -5.52857459e-01
1.23601167e-01 -3.38978142e-01 -1.61848143e-01 -3.38978142e-01 -4.12950873e-01 -1.82572544e-01 -1.61848143e-01 -1.82572544e-01 1.74276866e-02
6.28499418e-01 2.42748676e-04 2.01224864e+00 2.42748676e-04 8.68644923e-01 -8.03665906e-01 2.01224864e+00 -8.03665906e-01 -2.82044716e+01
8.29662722e-01 -7.44392816e-02 1.97621152e+00 -7.44392816e-02 7.59040713e-02 3.89303267e-03 1.97621152e+00 3.89303267e-03 -2.88042498e+01
3.24689822e-01 -1.75474960e+00 2.47234920e+00 -1.75474960e+00 2.24877945e-01 7.43638664e-01 2.47234920e+00 7.43638664e-01 -2.88018897e+01
-4.97629412e-01 4.14658552e-02 2.22558430e+00 4.14658552e-02 1.05111539e+00 -9.10897732e-01 2.22558430e+00 -9.10897732e-01 -2.90731778e+01
2.37512538e+00 -1.59078544e+00 3.25592315e+00 -1.59078544e+00 -1.84661648e+00 2.48806583e-01 3.25592315e+00 2.48806583e-01 -2.85688171e+01
1.00733135e+00 -2.69672486e+00 1.52416342e+00 -2.69672486e+00 -1.89029236e+00 5.64567048e-01 1.52416342e+00 5.64567048e-01 -3.01130919e+01
4.09149820e+00 9.53435134e-02 1.20151716e+00 9.53435134e-02 -3.55000085e+00 1.30176769e+00 1.20151716e+00 1.30176769e+00 -2.83828444e+01
7.39982262e-01 -1.29310939e+00 -8.33038144e-01 -1.29310939e+00 -2.87651750e+00 -1.11049725e+00 -8.33038144e-01 -1.11049725e+00 -3.14975734e+01
4.74793988e+00 2.05271528e-03 -1.33190355e+00 2.05271528e-03 -2.82378288e+00 -4.12305467e-01 -1.33190355e+00 -4.12305467e-01 -2.70782971e+01
-1.07065096e+00 6.46213550e-01 -6.86614875e-01 6.46213550e-01 -2.62984005e+00 -2.26741821e-01 -6.86614875e-01 -2.26741821e-01 -3.34515727e+01
4.13986510e+00 7.77877882e-01 8.75657037e-01 7.77877882e-01 -1.22495562e-01 -1.27184712e+00 8.75657037e-01 -1.27184712e+00 -2.53526044e+01
6.98350981e-01 8.49520687e-01 -3.32816490e-02 8.49520687e-01 -1.07296368e+00 1.87876247e-01 -3.32816490e-02 1.87876247e-01 -3.02780099e+01
5.41298103e+00 1.65927953e+00 1.37429047e+00 1.65927953e+00 -3.42454016e-01 -1.65440938e+00 1.37429047e+00 -1.65440938e+00 -2.36998606e+01
3.32977322e+00 8.61044519e-01 1.69838129e-01 8.61044519e-01 3.00669849e-01 -1.11406606e+00 1.69838129e-01 -1.11406606e+00 -2.58093672e+01
-2.19315638e+00 -3.14621790e+00 5.27298534e+00 -3.14621790e+00 7.31195834e-01 -1.01478179e+00 5.27298534e+00 -1.01478179e+00 -2.78575940e+01
-1.50359000e+00 -2.05048805e+00 3.59300059e+00 -2.05048805e+00 4.04798490e+00 -7.45096266e-01 3.59300059e+00 -7.45096266e-01 -2.59397044e+01
-1.38444647e+00 -6.68017081e-01 2.40323610e+00 -6.68017081e-01 -1.91773158e+00 -1.73586005e+00 2.40323610e+00 -1.73586005e+00 -3.42300336e+01
-1.09354242e+01 -1.28049467e+00 -7.79047689e+00 -1.28049467e+00 -1.22964664e+01 4.47491014e-01 -7.79047689e+00 4.47491014e-01 -5.12982841e+01
-8.73156977e+00 2.63115197e-01 -1.75186259e+00 2.63115197e-01 -7.27371466e+00 1.71146265e+00 -1.75186259e+00 1.71146265e+00 -4.72636061e+01
-3.75379395e+00 -4.82971065e-01 -8.92865852e-01 -4.82971065e-01 -3.70176423e+00 6.95106864e-01 -8.92865852e-01 6.95106864e-01 -3.79237909e+01
-3.54178548e-02 9.40176621e-02 -6.82374775e-01 9.40176621e-02 -1.03243494e+00 1.38561130e-02 -6.82374775e-01 1.38561130e-02 -3.09720602e+01
-5.34228827e+00 -1.65466035e+00 6.44605742e+00 -1.65466035e+00 -1.01080779e+00 -2.39834241e-01 6.44605742e+00 -2.39834241e-01 -3.13137757e+01
-8.46563622e-01 1.67883899e-01 5.14776427e+00 1.67883899e-01 7.57399827e+00 3.38512850e+00 5.14776427e+00 3.38512850e+00 -1.97381281e+01
-1.75516539e+01 -3.39716682e+00 9.04315603e+00 -3.39716682e+00 -1.53992555e+01 -8.02782673e+00 9.04315603e+00 -8.02782673e+00 -5.89564934e+01
-1.48027089e+00 -1.00730560e+00 3.55419440e+00 -1.00730560e+00 4.19275754e+00 4.61744238e+00 3.55419440e+00 4.61744238e+00 -2.39593885e+01
-7.17005730e-02 -1.77049884e+00 6.92486316e+00 -1.77049884e+00 4.65320849e+00 2.13768169e+00 6.92486316e+00 2.13768169e+00 -1.93640494e+01
-1.17257111e+01 -2.72861257e-01 -1.75551057e-01 -2.72861257e-01 -3.52766526e+00 1.00932465e+01 -1.75551057e-01 1.00932465e+01 -3.01652815e+01
5.05671845e+00 1.51726555e+00 3.73490480e+00 1.51726555e+00 6.53127358e+00 5.37407313e-01 3.73490480e+00 5.37407313e-01 -1.79239286e+01
2.58202261e+00 2.53344825e+00 4.09482658e-01 2.53344825e+00 4.35907835e+00 -1.62330458e+00 4.09482658e-01 -1.62330458e+00 -2.04205637e+01
3.34676540e+00 -1.45763234e+00 -1.88836767e+00 -1.45763234e+00 5.87532358e+00 3.00284245e+00 -1.88836767e+00 3.00284245e+00 -2.10349936e+01
-1.56307163e+01 1.20896082e+01 -1.67821407e+01 1.20896082e+01 -1.58229074e+01 7.26320410e+00 -1.67821407e+01 7.26320410e+00 4.36795473e-01
-1.51387515e+01 3.50188700e+00 -1.36576662e+01 3.50188700e+00 -1.30416628e+01 4.85081553e+00 -1.36576662e+01 4.85081553e+00 -5.31415037e+01
-2.33592875e+00 2.63192664e+00 4.71892270e+00 2.63192664e+00 -3.40025067e-01 1.86930847e+00 4.71892270e+00 1.86930847e+00 -2.84082384e+01
-3.97789603e+00 -4.59454343e-01 2.68369210e+00 -4.59454343e-01 2.54905427e+00 3.92684722e+00 2.68369210e+00 3.92684722e+00 -2.91118946e+01
</DataArray>
<DataArray type="Float32" Name="Logarithmic_strain_components" NumberOfComponents="9" format="ascii">
1.44052727e-03 -2.36004325e-07 3.09654752e-07 -2.36004325e-07 4.57457919e-03 -3.47554305e-08 3.09654752e-07 -3.47554305e-08 -5.36715053e-03
1.64829835e-03 2.85202914e-04 -2.06026016e-07 2.85202914e-04 4.86035505e-03 1.23364116e-04 -2.06026016e-07 1.23364116e-04 -5.81979891e-03
1.83193004e-03 9.14964796e-04 -5.58939792e-04 9.14964796e-04 4.07216430e-03 -1.55161870e-04 -5.58939792e-04 -1.55161870e-04 -5.31152391e-03
1.66526390e-03 3.33991789e-04 -2.87209405e-04 3.33991789e-04 3.82816431e-03 4.11507699e-08 -2.87209405e-04 4.11507699e-08 -4.94093914e-03
1.54848123e-03 3.10897804e-07 4.87684229e-04 3.10897804e-07 4.27093077e-03 -4.04576596e-04 4.87684229e-04 -4.04576596e-04 -5.21054608e-03
1.76022603e-03 6.40348253e-06 4.35336064e-04 6.40348253e-06 4.35087725e-03 -5.57882235e-04 4.35336064e-04 -5.57882235e-04 -5.47749689e-03
1.78277180e-03 3.08508116e-04 2.11054197e-04 3.08508116e-04 3.85675716e-03 -5.57485695e-04 2.11054197e-04 -5.57485695e-04 -5.08026243e-03
1.56696152e-03 6.19947587e-05 2.40863261e-04 6.19947587e-05 3.78391944e-03 -4.56435715e-04 2.40863261e-04 -4.56435715e-04 -4.81910037e-03
2.16313172e-03 2.22649374e-04 6.22899279e-08 2.22649374e-04 5.71391615e-03 1.26255378e-04 6.22899279e-08 1.26255378e-04 -7.07319053e-03
2.11051843e-03 1.22739660e-03 -1.05555035e-03 1.22739660e-03 4.51911130e-03 1.46107775e-05 -1.05555035e-03 1.46107775e-05 -5.94815612e-03
2.23824114e-03 1.10623791e-04 1.01443130e-03 1.10623791e-04 4.57517942e-03 -6.48376990e-04 1.01443130e-03 -6.48376990e-04 -6.10480970e-03
2.32711181e-03 4.90864186e-04 2.28260014e-04 4.90864186e-04 4.30371027e-03 -7.19510721e-04 2.28260014e-04 -7.19510721e-04 -5.99330629e-03
2.74339085e-03 -4.07742027e-05 2.56231715e-07 -4.07742027e-05 6.56806584e-03 4.42966542e-04 2.56231715e-07 4.42966542e-04 -8.35822569e-03
2.57036631e-03 7.23703110e-04 -1.53515374e-03 7.23703110e-04 5.11199608e-03 2.87828276e-04 -1.53515374e-03 2.87828276e-04 -6.88103656e-03
2.98246543e-03 -1.94112024e-04 1.18224073e-03 -1.94112024e-04 5.02307760e-03 -2.09347621e-04 1.18224073e-03 -2.09347621e-04 -7.17937842e-03
2.86011331e-03 -9.99695781e-05 5.90648371e-04 -9.99695781e-05 4.68432688e-03 -4.68389602e-04 5.90648371e-04 -4.68389602e-04 -6.79407996e-03
3.61615268e-03 -7.07823114e-04 -2.84726411e-08 -7.07823114e-04 6.94785011e-03 6.25726563e-04 -2.84726411e-08 6.25726563e-04 -9.40353982e-03
3.40268260e-03 -2.13237637e-04 -1.99278566e-03 -2.13237637e-04 5.89562906e-03 6.43861204e-04 -1.99278566e-03 6.43861204e-04 -8.33614252e-03
3.96737922e-03 -6.90286382e-04 4.35422517e-04 -6.90286382e-04 5.44058951e-03 -2.55147326e-04 4.35422517e-04 -2.55147326e-04 -8.41216347e-03
3.43146102e-03 -8.08266446e-04 4.55692629e-04 -8.08266446e-04 4.75447087e-03 -2.30085439e-04 4.55692629e-04 -2.30085439e-04 -7.29994749e-03
4.93779057e-03 -1.71668781e-03 5.61519300e-07 -1.71668781e-03 7.83907948e-03 1.68368191e-04 5.61519300e-07 1.68368191e-04 -1.12663223e-02
4.25879192e-03 -6.46508634e-04 -2.56329123e-03 -6.46508634e-04 6.56473625e-03 8.67289767e-04 -2.56329123e-03 8.67289767e-04 -9.60999215e-03
4.57134226e-03 -1.01792690e-03 8.62965549e-04 -1.01792690e-03 5.98329515e-03 -1.00027390e-03 8.62965549e-04 -1.00027390e-03 -9.30509553e-03
4.29522901e-03 -1.31823045e-03 1.14603832e-03 -1.31823045e-03 5.20384870e-03 -3.24629212e-04 1.14603832e-03 -3.24629212e-04 -8.41404899e-03
4.77093970e-03 -3.63602769e-03 -2.38460734e-06 -3.63602769e-03 1.01588313e-02 -1.52217958e-03 -2.38460734e-06 -1.52217958e-03 -1.32205235e-02
4.53625771e-03 -1.77778088e-03 -4.01601475e-03 -1.77778088e-03 8.11844599e-03 1.64795038e-03 -4.01601475e-03 1.64795038e-03 -1.13008022e-02
4.27877484e-03 -4.63044576e-04 2.19811736e-04 -4.63044576e-04 7.34586408e-03 -2.21417582e-03 2.19811736e-04 -2.21417582e-03 -1.02370018e-02
4.41703270e-03 -1.39619393e-03 -2.35360349e-05 -1.39619393e-03 6.35051867e-03 -6.03043729e-04 -2.35360349e-05 -6.03043729e-04 -9.56080772e-03
1.96511572e-03 7.92787345e-04 -3.19566461e-04 7.92787345e-04 2.27622932e-03 -3.20606501e-04 -3.19566461e-04 -3.20606501e-04 -3.87136702e-03
2.00732774e-03 3.16388439e-04 -2.04194293e-04 3.16388439e-04 2.33428954e-03 9.13195208e-08 -2.04194293e-04 9.13195208e-08 -3.98963573e-03
1.84993586e-03 5.93362965e-04 7.51493997e-04 5.93362965e-04 2.62600568e-03 -3.09601080e-04 7.51493997e-04 -3.09601080e-04 -4.09723801e-03
1.64713268e-03 2.01289866e-04 5.37171778e-04 2.01289866e-04 2.48044272e-03 8.71867578e-05 5.37171778e-04 8.71867578e-05 -3.77340039e-03
1.79337221e-03 1.08511245e-03 -4.23549231e-04 1.08511245e-03 2.09701242e-03 -3.69594469e-04 -4.23549231e-04 -3.69594469e-04 -3.50547023e-03
1.89583057e-03 6.61809863e-04 9.75606992e-04 6.61809863e-04 2.67689810e-03 1.42650064e-04 9.75606992e-04 1.42650064e-04 -4.14261399e-03
1.48197764e-03 8.80155705e-04 -8.08795201e-04 8.80155705e-04 1.82017234e-03 -2.65298564e-04 -8.08795201e-04 -2.65298564e-04 -2.87924049e-03
1.96379251e-03 -1.49393385e-04 2.11442731e-03 -1.49393385e-04 2.77799378e-03 4.52942568e-04 2.11442731e-03 4.52942568e-04 -4.24381389e-03
1.67292121e-03 -3.24181754e-04 -1.76512898e-03 -3.24181754e-04 2.17922880e-03 4.71673993e-04 -1.76512898e-03 4.71673993e-04 -3.27979558e-03
2.24668249e-03 -1.07031396e-03 2.86810574e-03 -1.07031396e-03 3.37841661e-03 1.05636286e-03 2.86810574e-03 1.05636286e-03 -4.99321101e-03
1.59348077e-03 -8.59036722e-04 -1.78978918e-03 -8.59036722e-04 2.03852706e-03 8.60758955e-04 -1.78978918e-03 8.60758955e-04 -3.03904689e-03
2.33989309e-03 -1.47496957e-03 3.70732559e-03 -1.47496957e-03 3.57985533e-03 2.35957026e-03 3.70732559e-03 2.35957026e-03 -5.22511243e-03
1.73618871e-03 -1.97096574e-03 -1.75369234e-03 -1.97096574e-03 1.91504053e-03 2.16119073e-03 -1.75369234e-03 2.16119073e-03 -3.14126897e-03
2.64504358e-03 -2.71289524e-03 3.73516348e-03 -2.71289524e-03 4.25635100e-03 3.70982608e-03 3.73516348e-03 3.70982608e-03 -6.21961996e-03
1.85033205e-03 2.50039394e-04 8.86666385e-09 2.50039394e-04 9.39411053e-04 -3.35504948e-04 8.86666385e-09 -3.35504948e-04 -2.60872795e-03
2.10187107e-03 1.56054593e-04 8.48275231e-05 1.56054593e-04 1.14913733e-03 1.75380819e-07 8.48275231e-05 1.75380819e-07 -3.06189782e-03
1.77748944e-03 1.96044199e-04 8.67886458e-04 1.96044199e-04 1.29038064e-03 2.96138296e-05 8.67886458e-04 2.96138296e-05 -2.87671271e-03
1.67180641e-03 7.10306995e-05 7.12797817e-04 7.10306995e-05 1.23062469e-03 4.80121889e-04 7.12797817e-04 4.80121889e-04 -2.71430425e-03
1.32056008e-03 2.67963076e-04 -4.86404560e-05 2.67963076e-04 6.11948504e-04 -3.43754713e-04 -4.86404560e-05 -3.43754713e-04 -1.79350268e-03
1.26074667e-03 1.43174554e-04 9.63242061e-04 1.43174554e-04 7.89980666e-04 2.25185311e-04 9.63242061e-04 2.25185311e-04 -1.86258614e-03
