<VTKFile type="UnstructuredGrid" version="0.1" byte_order="LittleEndian">
<UnstructuredGrid>
<Piece NumberOfPoints="191" NumberOfCells="79">
<Points>
<DataArray type="Float64" NumberOfComponents="3" format="ascii">
 1.02702749e+00  5.16463280e+00  1.92234778e+00
 2.04594326e+00  5.15750313e+00  1.93884695e+00
 2.04637694e+00  6.19778204e+00  1.90963018e+00
 1.02272773e+00  6.19247675e+00  1.90092468e+00
 1.02197742e+00  5.18967199e+00  2.88200474e+00
 2.05007768e+00  5.18843412e+00  2.88660479e+00
 2.04162502e+00  6.24074697e+00  2.84991431e+00
 1.02389193e+00  6.21677065e+00  2.85819149e+00
 3.08005905e+00  5.14595461e+00  1.95139217e+00
 3.08683157e+00  6.19105434e+00  1.91083395e+00
 3.08092690e+00  5.18115044e+00  2.87150764e+00
 3.11705446e+00  6.22903395e+00  2.80566454e+00
 5.08192968e+00  5.14333963e+00  2.00002718e+00
 6.08192921e+00  5.14619827e+00  2.00002074e+00
 6.07906628e+00  6.14620543e+00  1.99998665e+00
 5.07904148e+00  6.14334965e+00  1.99997270e+00
 5.08192492e+00  5.14338827e+00  3.00001431e+00
 6.08191442e+00  5.14625740e+00  3.00002861e+00
 6.07904720e+00  6.14624453e+00  2.99997592e+00
 5.07906580e+00  6.14337444e+00  2.99998331e+00
 0.00000000e+00  0.00000000e+00  2.81006980e+00
 1.03584898e+00  0.00000000e+00  2.80820394e+00
 1.03732312e+00  1.03886759e+00  2.81387591e+00
 0.00000000e+00  1.03763080e+00  2.81832743e+00
 0.00000000e+00  0.00000000e+00  3.74505544e+00
 1.04894888e+00  0.00000000e+00  3.74506140e+00
 1.05008113e+00  1.03827047e+00  3.74731731e+00
 0.00000000e+00  1.03598762e+00  3.75363469e+00
 2.07919860e+00  0.00000000e+00  2.79652190e+00
 2.07026052e+00  1.03216791e+00  2.80464315e+00
 2.09479952e+00  0.00000000e+00  3.73735714e+00
 2.09697962e+00  1.04011464e+00  3.73687220e+00
 3.11790156e+00  0.00000000e+00  2.78375483e+00
 3.11864281e+00  1.02770996e+00  2.78662777e+00
 3.14092660e+00  0.00000000e+00  3.72390938e+00
 3.13666701e+00  1.03521848e+00  3.72438502e+00
 4.16455221e+00  0.00000000e+00  2.77194715e+00
 4.16669035e+00  1.02923965e+00  2.76773763e+00
 4.18071461e+00  0.00000000e+00  3.71339202e+00
 4.17897320e+00  1.02887106e+00  3.70749974e+00
 5.21240234e+00  0.00000000e+00  2.75701714e+00
 5.21359062e+00  1.03162134e+00  2.75953817e+00
 5.21835136e+00  0.00000000e+00  3.70634270e+00
 5.21816874e+00  1.02717745e+00  3.69576907e+00
 6.25586510e+00  0.00000000e+00  2.75110650e+00
 6.25665140e+00  1.03093255e+00  2.75393581e+00
 6.24803400e+00  0.00000000e+00  3.70378256e+00
 6.25825453e+00  1.02600992e+00  3.69564652e+00
 1.02542913e+00  2.07285094e+00  2.83189869e+00
 0.00000000e+00  2.08353615e+00  2.83462882e+00
 1.04974735e+00  2.07820845e+00  3.76774383e+00
 0.00000000e+00  2.07845116e+00  3.76956129e+00
 2.06812000e+00  2.07309771e+00  2.81195474e+00
 2.10367799e+00  2.08236790e+00  3.74292135e+00
 3.11053967e+00  2.07883048e+00  2.77695632e+00
 3.14326715e+00  2.07705045e+00  3.69598508e+00
 4.16469383e+00  2.08777881e+00  2.76896954e+00
 4.17235088e+00  2.06667972e+00  3.68180680e+00
 5.21289206e+00  2.08109713e+00  2.76919889e+00
 5.21645594e+00  2.07510138e+00  3.68391228e+00
 6.25418186e+00  2.08266020e+00  2.76492333e+00
 6.25676155e+00  2.07460093e+00  3.68331361e+00
 1.02081740e+00  3.12576365e+00  2.86706734e+00
 0.00000000e+00  3.12312531e+00  2.86289215e+00
 1.04573500e+00  3.12370014e+00  3.79485273e+00
 0.00000000e+00  3.12188101e+00  3.80625582e+00
 2.06083465e+00  3.11028647e+00  2.84010363e+00
 2.11628580e+00  3.12815571e+00  3.73328543e+00
 3.05018210e+00  3.09576988e+00  2.61087489e+00
 3.16639757e+00  3.11196756e+00  3.64813137e+00
 1.02045941e+00  4.15437603e+00  2.88952494e+00
 0.00000000e+00  4.16025877e+00  2.88601851e+00
 1.03477228e+00  4.17035627e+00  3.84474730e+00
 0.00000000e+00  4.17439127e+00  3.83189130e+00
 0.00000000e+00  5.18472433e+00  2.87957835e+00
 1.03277099e+00  5.22021151e+00  3.83277178e+00
 0.00000000e+00  5.20671940e+00  3.82315302e+00
 2.05145478e+00  4.15490866e+00  2.91599607e+00
 2.08315134e+00  4.17961264e+00  3.82135701e+00
 2.08114648e+00  5.20797157e+00  3.83030581e+00
 0.00000000e+00  6.21874475e+00  2.84877944e+00
 1.04677176e+00  6.26286745e+00  3.77804136e+00
 0.00000000e+00  6.27378178e+00  3.79184365e+00
 2.08215165e+00  6.27815962e+00  3.77533507e+00
 3.11160684e+00  5.19075346e+00  3.72674298e+00
 3.17279267e+00  6.22169638e+00  3.73232317e+00
 0.00000000e+00  0.00000000e+00  4.67293835e+00
 1.06134260e+00  0.00000000e+00  4.67030573e+00
 1.06443977e+00  1.03960907e+00  4.67361546e+00
 0.00000000e+00  1.03677607e+00  4.67572784e+00
 2.11233377e+00  0.00000000e+00  4.66655588e+00
 2.11997867e+00  1.04638076e+00  4.66584730e+00
 3.15459037e+00  0.00000000e+00  4.66042423e+00
 3.15952182e+00  1.04862738e+00  4.65825605e+00
 4.19176435e+00  0.00000000e+00  4.65299034e+00
 4.18819857e+00  1.04386294e+00  4.65163040e+00
 5.22190666e+00  0.00000000e+00  4.64999771e+00
 5.21737766e+00  1.03865218e+00  4.64588022e+00
 6.24633694e+00  0.00000000e+00  4.64897585e+00
 6.24748898e+00  1.04148877e+00  4.64779615e+00
 1.07487917e+00  2.08568287e+00  4.67934895e+00
 0.00000000e+00  2.07739329e+00  4.68699980e+00
 2.13475251e+00  2.09451437e+00  4.66392851e+00
 3.17274690e+00  2.09359503e+00  4.64205742e+00
 4.19407892e+00  2.08339000e+00  4.62481356e+00
 5.20914698e+00  2.07137060e+00  4.61464071e+00
 6.22747469e+00  2.07413387e+00  4.61516666e+00
 1.07688880e+00  3.11773849e+00  4.71246910e+00
 0.00000000e+00  3.13252497e+00  4.72771406e+00
 2.15184069e+00  3.12231326e+00  4.65726948e+00
 3.19948912e+00  3.11571598e+00  4.60618639e+00
 4.18573570e+00  3.05162120e+00  3.55791306e+00
 4.21163511e+00  3.10242701e+00  4.59146833e+00
 1.08088219e+00  4.16504383e+00  4.77487612e+00
 0.00000000e+00  4.15349674e+00  4.74410295e+00
 2.16420197e+00  4.15638828e+00  4.68319988e+00
 1.06736803e+00  5.24813032e+00  4.72036314e+00
 0.00000000e+00  5.25325680e+00  4.72098780e+00
 1.08044934e+00  6.32861757e+00  4.69325161e+00
 0.00000000e+00  6.32512569e+00  4.70399618e+00
 2.12215543e+00  5.22595549e+00  4.71838188e+00
 2.18386412e+00  6.28518391e+00  4.69621372e+00
 3.18579197e+00  5.16258383e+00  4.62627172e+00
 3.26127076e+00  6.18424749e+00  4.64909315e+00
 4.05867863e+00  5.13999462e+00  3.50212908e+00
 4.16052341e+00  6.14026308e+00  3.56475210e+00
 4.23836088e+00  5.10265875e+00  4.59014750e+00
 4.25320578e+00  6.10404301e+00  4.59052277e+00
 5.23876810e+00  5.08933115e+00  3.59027195e+00
 6.23866272e+00  5.07579470e+00  3.59026217e+00
 6.25220203e+00  6.07570934e+00  3.59030128e+00
 5.25225735e+00  6.08927822e+00  3.59036064e+00
 5.23872662e+00  5.08931208e+00  4.59026909e+00
 6.23870659e+00  5.07576466e+00  4.59028435e+00
 6.25219679e+00  6.07568264e+00  4.59029245e+00
 5.25237513e+00  6.08912849e+00  4.59035730e+00
 0.00000000e+00  0.00000000e+00  5.59030676e+00
 1.06542075e+00  0.00000000e+00  5.59030676e+00
 1.07129335e+00  1.04327059e+00  5.59030676e+00
 0.00000000e+00  1.03839481e+00  5.59030676e+00
 2.12113380e+00  0.00000000e+00  5.59030676e+00
 2.12637901e+00  1.05071032e+00  5.59030676e+00
 3.16051841e+00  0.00000000e+00  5.59030676e+00
 3.16833115e+00  1.05455232e+00  5.59030676e+00
 4.19356728e+00  0.00000000e+00  5.59030676e+00
 4.19533825e+00  1.05422628e+00  5.59030676e+00
 5.22223473e+00  0.00000000e+00  5.59030676e+00
 5.21850348e+00  1.04985476e+00  5.59030676e+00
 6.25185061e+00  0.00000000e+00  5.59030676e+00
 6.23583984e+00  1.05654657e+00  5.59030676e+00
 1.08706999e+00  2.07771397e+00  5.59030676e+00
 0.00000000e+00  2.07325292e+00  5.59030676e+00
 2.15151811e+00  2.09495854e+00  5.59030676e+00
 3.18363857e+00  2.10164714e+00  5.59030676e+00
 4.20294428e+00  2.09372520e+00  5.59030676e+00
 5.20774698e+00  2.08284473e+00  5.59030676e+00
 6.21812916e+00  2.08132982e+00  5.59030676e+00
 1.09670794e+00  3.15180945e+00  5.59030676e+00
 0.00000000e+00  3.15777445e+00  5.59030676e+00
 2.17690253e+00  3.13185215e+00  5.59030676e+00
 3.21109319e+00  3.12204313e+00  5.59030676e+00
 4.21220207e+00  3.10333228e+00  5.59030676e+00
 5.21210432e+00  3.08853793e+00  4.58966923e+00
 5.21260452e+00  3.08926606e+00  5.59030676e+00
 6.21389961e+00  3.07766032e+00  4.58914280e+00
 6.21412277e+00  3.07930446e+00  5.59030676e+00
 3.22562313e+00  4.11726093e+00  4.57966423e+00
 3.23096585e+00  4.12440777e+00  5.59030676e+00
 2.22417998e+00  4.14947939e+00  5.59030676e+00
 4.22546387e+00  4.10231209e+00  4.59055090e+00
 4.22564077e+00  4.10256958e+00  5.59030676e+00
 5.22528648e+00  4.08944845e+00  4.59024382e+00
 5.22537422e+00  4.08934736e+00  5.59030676e+00
 6.22509861e+00  4.07613182e+00  4.59032536e+00
 6.22500467e+00  4.07597733e+00  5.59030676e+00
 0.00000000e+00  4.12988234e+00  5.59030676e+00
 1.11032915e+00  4.15081358e+00  5.59030676e+00
 1.09317660e+00  5.27119350e+00  5.59030676e+00
 0.00000000e+00  5.28408241e+00  5.59030676e+00
 5.23867750e+00  5.08930540e+00  5.59030676e+00
 4.23878956e+00  5.10271883e+00  5.59030676e+00
 6.23873615e+00  5.07578516e+00  5.59030676e+00
 1.09963274e+00  6.34490824e+00  5.59030676e+00
 0.00000000e+00  6.34185743e+00  5.59030676e+00
 2.15292025e+00  5.23154449e+00  5.59030676e+00
 2.22273874e+00  6.28188562e+00  5.59030676e+00
 3.20068550e+00  5.14671564e+00  5.59030676e+00
 3.27632380e+00  6.17276287e+00  5.59030676e+00
 4.25361633e+00  6.10322523e+00  5.59030676e+00
 5.25239420e+00  6.08906651e+00  5.59030676e+00
 6.25219011e+00  6.07568073e+00  5.59030676e+00
</DataArray>
</Points>
<PointData Tensors="Stress_Components,Plastic_strain_components" Vevtors="Spatial_displacement,Reaction_force" Scalars="Equivalent_plastic_strain,Stress_Mises,Stress_Max_Principal,Stress_Mid_Principal,Stress_Min_Principal,Stress_Pressure,Stress_Tresca,Stress_Third_Invariant,Plastic_strain_Max_Principal,Plastic_strain_Min_Principal">
<DataArray type="Float32" Name="Stress_Components" NumberOfComponents="9" format="ascii">
1.33508004e+01 -2.67035356e-01 3.29577947e-01 -2.67035356e-01 1.07246658e+01 2.24355713e-01 3.29577947e-01 2.24355713e-01 -3.62228215e+00
1.16159540e+00 -2.63684682e+00 6.94785699e-01 -2.63684682e+00 8.52416515e-01 2.33010442e+00 6.94785699e-01 2.33010442e+00 -2.57764426e+01
-4.58482170e+00 1.45664573e-01 1.16234963e+00 1.45664573e-01 1.32156610e+00 -1.84572575e+00 1.16234963e+00 -1.84572575e+00 -3.30615616e+01
-3.71194988e-01 -6.10486545e-01 -3.41241959e-01 -6.10486545e-01 1.22190595e-01 -1.72381178e-01 -3.41241959e-01 -1.72381178e-01 -3.03917770e+01
1.62832548e+01 1.32110494e-01 1.13498613e+00 1.32110494e-01 1.73436767e+01 -3.20933543e-01 1.13498613e+00 -3.20933543e-01 6.38685787e+00
1.99018879e+01 -1.76352184e+00 2.52073929e+00 -1.76352184e+00 2.24660345e+01 1.13933558e+00 2.52073929e+00 1.13933558e+00 1.28999543e+01
-1.57919855e+01 -2.01641031e-01 4.32223871e-01 -2.01641031e-01 -4.21303135e+00 -1.36747345e-01 4.32223871e-01 -1.36747345e-01 -4.97417822e+01
8.79096660e+00 2.14205404e-01 5.22499166e-01 2.14205404e-01 8.29801106e+00 1.27664182e+00 5.22499166e-01 1.27664182e+00 -1.15820379e+01
-1.56135788e+01 -1.02362339e+00 -8.61172862e-01 -1.02362339e+00 -1.44447281e+01 5.55609752e+00 -8.61172862e-01 5.55609752e+00 -6.36273870e+01
-7.56738052e+01 -2.40548575e+00 -4.23117566e+00 -2.40548575e+00 -7.10625153e+01 4.78497422e+00 -4.23117566e+00 4.78497422e+00 -1.89108101e+02
-6.54265887e+01 7.08255625e+00 -2.43746863e+01 7.08255625e+00 -6.80449249e+01 -3.13463942e+00 -2.43746863e+01 -3.13463942e+00 -1.60733505e+02
-4.68354185e+01 1.00163436e+00 -5.96482038e+00 1.00163436e+00 -6.78092432e+01 -1.27907312e+00 -5.96482038e+00 -1.27907312e+00 -1.51883093e+02
-1.74115531e-01 -6.18767112e-01 -2.28898082e-01 -6.18767112e-01 2.43557524e-01 1.97841763e-01 -2.28898082e-01 1.97841763e-01 -4.81628060e-01
-3.95025965e-01 -1.00713275e-01 -1.18138850e-01 -1.00713275e-01 -7.58871362e-02 -2.12064586e-01 -1.18138850e-01 -2.12064586e-01 5.87219731e-02
6.48621544e-01 -1.49928868e-01 -5.46370260e-02 -1.49928868e-01 -6.83916286e-02 5.62184028e-01 -5.46370260e-02 5.62184028e-01 -9.92385060e-01
3.85176316e-01 -6.68136448e-01 -2.17747092e-02 -6.68136448e-01 -2.33335353e-01 -5.04669219e-01 -2.17747092e-02 -5.04669219e-01 -5.64132735e-01
2.23854259e-01 2.06162050e-01 3.73208463e-01 2.06162050e-01 9.25640166e-02 2.05642551e-01 3.73208463e-01 2.05642551e-01 -3.29136699e-02
-7.84844533e-02 4.08769958e-02 1.39423415e-01 4.08769958e-02 -1.77146569e-01 -1.13155581e-02 1.39423415e-01 -1.13155581e-02 5.39267659e-01
-3.62434611e-02 5.71667068e-02 -2.89525688e-01 5.71667068e-02 1.95624560e-01 -5.51989794e-01 -2.89525688e-01 -5.51989794e-01 1.24197446e-01
-3.23713630e-01 2.22465187e-01 -1.23216964e-01 2.22465187e-01 -1.24527775e-01 3.48128974e-01 -1.23216964e-01 3.48128974e-01 7.31725276e-01
2.29098558e-01 2.68564709e-02 3.90629128e-01 2.68564709e-02 9.30831671e-01 -1.00860439e-01 3.90629128e-01 -1.00860439e-01 -2.87749991e+01
7.55301185e-01 4.06353734e-01 2.32521463e-01 4.06353734e-01 7.07622558e-01 3.49266037e-01 2.32521463e-01 3.49266037e-01 -2.83861897e+01
4.38245640e+00 -4.44308132e-01 3.97926137e-01 -4.44308132e-01 5.01871038e+00 4.98641384e-01 3.97926137e-01 4.98641384e-01 -1.97605792e+01
5.53715527e-01 2.01918183e-01 4.77966726e-01 2.01918183e-01 2.07495874e+00 -2.98259407e-01 4.77966726e-01 -2.98259407e-01 -2.71245668e+01
5.49501061e+00 -2.63302084e-02 8.05642560e-01 -2.63302084e-02 3.96255255e+00 1.79471444e-01 8.05642560e-01 1.79471444e-01 -1.97231956e+01
5.12595415e-01 2.14337602e-01 5.57912642e-03 2.14337602e-01 -3.24745804e-01 1.14820746e+00 5.57912642e-03 1.14820746e+00 -2.96988811e+01
3.18510168e+00 3.71004420e-01 6.05162418e-01 3.71004420e-01 2.18869131e+00 5.00673413e-01 6.05162418e-01 5.00673413e-01 -2.41382931e+01
6.25003874e-01 4.10115372e-01 9.11960170e-01 4.10115372e-01 -1.24087822e+00 -7.13591136e-01 9.11960170e-01 -7.13591136e-01 -3.05553792e+01
5.35772282e+00 -9.14373368e-01 2.39946200e-01 -9.14373368e-01 4.20061642e+00 7.46373888e-02 2.39946200e-01 7.46373888e-02 -1.96204627e+01
5.75548933e+00 -7.16931310e-01 9.72844880e-01 -7.16931310e-01 5.44704662e+00 9.31592750e-01 9.72844880e-01 9.31592750e-01 -1.75859522e+01
7.93051302e-01 1.30609302e-01 4.03339015e-02 1.30609302e-01 4.71048057e-01 5.19481018e-01 4.03339015e-02 5.19481018e-01 -2.86674511e+01
-1.35091096e+00 1.01890989e-01 1.19563579e+00 1.01890989e-01 -4.71907794e-01 1.90751199e+00 1.19563579e+00 1.90751199e+00 -3.16883950e+01
6.91135716e+00 1.21554578e-01 1.63834941e-01 1.21554578e-01 5.27070695e+00 6.22023137e-01 1.63834941e-01 6.22023137e-01 -1.67020540e+01
1.05526336e+01 -1.64507485e-01 6.44109435e-02 -1.64507485e-01 8.61787346e+00 1.48963975e-02 6.44109435e-02 1.48963975e-02 -9.19701836e+00
3.39618221e+00 -6.72167644e-01 2.59798367e-01 -6.72167644e-01 2.13704683e+00 9.39966094e-01 2.59798367e-01 9.39966094e-01 -2.39271413e+01
2.29450062e+00 -7.20001193e-01 3.53792578e-01 -7.20001193e-01 2.13413991e+00 8.20876237e-01 3.53792578e-01 8.20876237e-01 -2.50787583e+01
9.18763366e+00 2.12539293e-01 -1.07324260e-01 2.12539293e-01 6.74672957e+00 3.45079530e-01 -1.07324260e-01 3.45079530e-01 -1.25958751e+01
3.60655543e+00 1.59789057e-01 -5.95002478e-01 1.59789057e-01 1.21534377e+00 6.75303089e-02 -5.95002478e-01 6.75303089e-02 -2.46418553e+01
5.68530273e+00 -3.49292815e-01 -3.61752294e-01 -3.49292815e-01 3.54072607e+00 6.18792631e-01 -3.61752294e-01 6.18792631e-01 -1.99554266e+01
1.26436613e+01 -5.71324231e-01 1.88309103e-01 -5.71324231e-01 1.11801846e+01 -3.11571328e-01 1.88309103e-01 -3.11571328e-01 -4.24842834e+00
1.24554991e+01 -1.27570170e-01 6.46113893e-02 -1.27570170e-01 1.03767893e+01 -1.18275095e-01 6.46113893e-02 -1.18275095e-01 -5.18184280e+00
7.68337464e+00 8.76661378e-03 -3.45652094e-01 8.76661378e-03 5.15988004e+00 3.58603122e-02 -3.45652094e-01 3.58603122e-02 -1.59834371e+01
1.35911728e+01 -7.09322493e-02 -3.15380704e-01 -7.09322493e-02 1.32431231e+01 -3.25855587e-01 -3.15380704e-01 -3.25855587e-01 -1.01226854e+00
7.11249649e+00 -2.49824848e-01 -4.22130269e-01 -2.49824848e-01 5.60023886e+00 -4.50971479e-01 -4.22130269e-01 -4.50971479e-01 -1.61340172e+01
1.60765734e+01 -1.57302801e-01 3.67919803e-02 -1.57302801e-01 1.49959435e+01 -4.46202904e-01 3.67919803e-02 -4.46202904e-01 3.77588320e+00
1.64505684e+01 -2.38951482e-02 -4.70387083e-01 -2.38951482e-02 1.45336326e+01 -6.80017397e-02 -4.70387083e-01 -6.80017397e-02 3.53969765e+00
1.85983412e+01 6.13289777e-01 -5.56755066e-02 6.13289777e-01 1.90718997e+01 -7.70190597e-01 -5.56755066e-02 -7.70190597e-01 1.08009953e+01
1.23201915e+01 5.12489907e-01 1.70427490e-01 5.12489907e-01 1.09156861e+01 -8.85844919e-01 1.70427490e-01 -8.85844919e-01 -4.65343428e+00
2.49144483e+00 -1.02995642e+00 1.77554658e+00 -1.02995642e+00 5.26843733e+00 1.34464938e-01 1.77554658e+00 1.34464938e-01 -2.08305172e+01
2.15143275e+00 -1.16436791e+00 1.38579807e+00 -1.16436791e+00 6.09272361e+00 -3.02840330e-01 1.38579807e+00 -3.02840330e-01 -2.05813175e+01
-4.96692452e+00 3.97939451e-01 2.97566774e+00 3.97939451e-01 -6.53175673e+00 2.12626006e+00 2.97566774e+00 2.12626006e+00 -4.17195308e+01
8.75567079e-01 -9.40844789e-02 1.00971360e+00 -9.40844789e-02 9.35360789e-01 -1.18182788e-01 1.00971360e+00 -1.18182788e-01 -2.80523891e+01
1.18284586e+01 1.80793492e+00 3.63289002e+00 1.80793492e+00 1.02413920e+01 2.76544127e+00 3.63289002e+00 2.76544127e+00 -1.13027671e+01
-4.81959750e+00 1.00949002e+00 4.03373113e-01 1.00949002e+00 -4.70008022e+00 4.09387574e-02 4.03373113e-01 4.09387574e-02 -3.91631296e+01
-6.70850121e+01 -4.73170156e+00 -1.41618211e+01 -4.73170156e+00 -6.74672504e+01 -1.84765800e+00 -1.41618211e+01 -1.84765800e+00 -1.61492650e+02
9.25952727e+00 1.23797424e+00 -6.44933564e-01 1.23797424e+00 1.25253480e+01 1.35266013e+00 -6.44933564e-01 1.35266013e+00 -9.74076203e+00
-4.52143350e+01 -1.02031568e+00 -4.11655891e+00 -1.02031568e+00 -4.09975352e+01 1.58434865e+00 -4.11655891e+00 1.58434865e+00 -1.22713184e+02
-3.00443139e+01 -1.41650642e+00 -1.50939710e+01 -1.41650642e+00 -3.66010025e+01 -6.44491315e-02 -1.50939710e+01 -6.44491315e-02 -8.60546755e+01
-2.93029938e+01 -1.12551446e+00 -9.21642408e-02 -1.12551446e+00 -2.58441758e+01 1.65888058e+00 -9.21642408e-02 1.65888058e+00 -8.95113697e+01
-3.91755128e+01 -5.99390008e-02 -4.55616742e+00 -5.99390008e-02 -3.41715436e+01 -1.35724818e+00 -4.55616742e+00 -1.35724818e+00 -1.08779001e+02
-2.05376091e+01 -1.44344771e+00 -6.58632845e-01 -1.44344771e+00 -1.35649133e+01 3.38889226e-01 -6.58632845e-01 3.38889226e-01 -6.63943138e+01
-3.85708275e+01 -3.01743925e+00 -4.98410583e+00 -3.01743925e+00 -2.93012800e+01 -3.90374701e+00 -4.98410583e+00 -3.90374701e+00 -1.01206234e+02
-5.12208802e-01 -1.36901176e-01 3.63232497e+00 -1.36901176e-01 2.98609095e+00 7.77862327e-01 3.63232497e+00 7.77862327e-01 -2.60263392e+01
1.14654030e+01 2.44520389e-01 1.44732576e+00 2.44520389e-01 1.33460960e+01 -4.86179722e-01 1.44732576e+00 -4.86179722e-01 -2.88511777e+00
-7.19524384e+00 -4.32228626e-01 4.02851899e+00 -4.32228626e-01 -7.78896856e+00 1.46176723e+00 4.02851899e+00 1.46176723e+00 -4.49310262e+01
6.55324435e+00 8.69390387e-02 1.83013185e+00 8.69390387e-02 8.16124272e+00 -6.62846267e-02 1.83013185e+00 -6.62846267e-02 -1.39322013e+01
-9.30522871e+01 -1.02490683e+01 1.09317717e+01 -1.02490683e+01 -8.45183258e+01 -1.43162296e+01 1.09317717e+01 -1.43162296e+01 -2.00223568e+02
-2.03459311e+01 2.37622561e+00 1.83987300e+00 2.37622561e+00 -2.68468470e+01 -3.20695130e+00 1.83987300e+00 -3.20695130e+00 -8.14923502e+01
6.49245148e+01 2.25980258e+00 -4.50526327e-02 2.25980258e+00 6.34155426e+01 8.64446163e+00 -4.50526327e-02 8.64446163e+00 1.14456490e+02
6.62356377e+00 -3.69456781e+00 -7.36044369e+00 -3.69456781e+00 5.88631535e+00 -5.76964853e+00 -7.36044369e+00 -5.76964853e+00 -8.60509586e+00
2.04021288e+01 -7.24647742e-02 -1.75916065e+00 -7.24647742e-02 2.10663528e+01 5.23881763e-01 -1.75916065e+00 5.23881763e-01 1.41916605e+01
1.15919802e+01 -4.53255797e-01 1.61644671e+00 -4.53255797e-01 1.26533961e+01 7.80363832e-01 1.61644671e+00 7.80363832e-01 -3.17351079e+00
2.06700716e+01 -5.61155275e-01 1.30631005e-01 -5.61155275e-01 2.29015271e+01 1.27341912e+00 1.30631005e-01 1.27341912e+00 1.80985394e+01
1.04189743e+01 -7.76719186e-01 2.22284497e+00 -7.76719186e-01 1.13382428e+01 1.30040231e+00 2.22284497e+00 1.30040231e+00 -5.87995005e+00
1.34676790e+01 6.63318988e-02 1.12778420e-01 6.63318988e-02 1.39998441e+01 3.65551867e-01 1.12778420e-01 3.65551867e-01 -1.92026377e-01
1.51825876e+01 6.79189903e-01 7.02515977e-01 6.79189903e-01 1.61705598e+01 9.22266613e-01 7.02515977e-01 9.22266613e-01 4.31032671e+00
5.72562814e+00 1.71403339e+00 1.20900020e-01 1.71403339e+00 8.29392099e+00 1.04253276e+00 1.20900020e-01 1.04253276e+00 -1.45538582e+01
-4.40006128e+01 1.08112713e+00 5.80146730e+00 1.08112713e+00 -4.07884250e+01 1.63815604e+01 5.80146730e+00 1.63815604e+01 -1.07030993e+02
-9.23580170e+01 -3.21599833e+00 1.44037399e+01 -3.21599833e+00 -9.20370712e+01 9.69638968e+00 1.44037399e+01 9.69638968e+00 -2.25874428e+02
-7.38396349e+00 -3.11401703e+00 -2.87688388e+00 -3.11401703e+00 -1.22437353e+00 4.16689148e+00 -2.87688388e+00 4.16689148e+00 -3.74033516e+01
3.63450050e-01 -4.04438034e-01 -2.22882263e-01 -4.04438034e-01 2.84080029e+00 1.02165607e+00 -2.22882263e-01 1.02165607e+00 -2.65037699e+01
5.47291374e+00 1.23239311e+00 -1.12389411e+00 1.23239311e+00 4.34834146e+00 8.75813514e-01 -1.12389411e+00 8.75813514e-01 -1.95252075e+01
1.96072578e+00 -1.76613820e+00 2.65308213e+00 -1.76613820e+00 6.19862270e+00 -1.17027680e+00 2.65308213e+00 -1.17027680e+00 -2.07549324e+01
-1.92692676e+01 -3.38302442e+00 -3.93880423e+00 -3.38302442e+00 -1.44947720e+01 4.46707222e+00 -3.93880423e+00 4.46707222e+00 -6.22315521e+01
-8.03615926e+01 9.75712768e+00 -5.40058374e-01 9.75712768e+00 -4.94480871e+01 -3.56354561e+01 -5.40058374e-01 -3.56354561e+01 -1.21588244e+02
-7.19411961e+00 -3.05815971e+00 -1.49738009e+00 -3.05815971e+00 -1.06083231e+01 -6.14104970e+00 -1.49738009e+00 -6.14104970e+00 -4.13531342e+01
4.12819371e+00 -2.79932339e-02 2.54584350e-01 -2.79932339e-02 7.96720982e-01 -1.01356767e-01 2.54584350e-01 -1.01356767e-01 -2.44723463e+01
7.13179708e-01 1.80957254e-01 4.92325937e-02 1.80957254e-01 -1.27663541e+00 7.56498921e-01 4.92325937e-02 7.56498921e-01 -3.04873955e+01
5.01519851e-01 8.39805236e-01 3.95791121e-01 8.39805236e-01 -1.91353434e+00 4.52790501e-01 3.95791121e-01 4.52790501e-01 -3.13601656e+01
9.09906805e-01 2.80766716e-01 5.34886405e-01 2.80766716e-01 -2.92899618e+00 -3.08219042e-01 5.34886405e-01 -3.08219042e-01 -3.19275258e+01
-4.62894511e+00 8.88916999e-01 -1.84571650e-01 8.88916999e-01 -3.42306429e+00 9.38951921e-01 -1.84571650e-01 9.38951921e-01 -3.85999200e+01
-5.64624238e+00 1.46702292e+00 5.35185389e-01 1.46702292e+00 -4.41358623e+00 1.43344433e+00 5.35185389e-01 1.43344433e+00 -4.05305001e+01
-5.99950385e+00 4.38991532e-01 3.52148868e-01 4.38991532e-01 -4.02305317e+00 4.60851289e-01 3.52148868e-01 4.60851289e-01 -4.08398905e+01
-1.08018889e+01 6.56893240e-01 4.53754618e-01 6.56893240e-01 -5.43361740e+00 1.71370739e+00 4.53754618e-01 1.71370739e+00 -4.69148614e+01
-4.05026519e+00 -1.07740358e+00 2.30035353e-01 -1.07740358e+00 -1.88345677e+00 4.87335555e-01 2.30035353e-01 4.87335555e-01 -3.63267503e+01
-2.83724229e+00 -6.81609117e-01 -4.53325376e-01 -6.81609117e-01 8.93371902e-01 -1.32556077e-02 -4.53325376e-01 -1.32556077e-02 -3.18196676e+01
2.16445754e+00 -6.51686728e-01 -2.01057512e-01 -6.51686728e-01 4.92286679e+00 -4.96598952e-01 -2.01057512e-01 -4.96598952e-01 -2.21817622e+01
5.01473770e+00 -1.24274228e+00 -6.48551357e-01 -1.24274228e+00 6.34508598e+00 -2.03242003e-01 -6.48551357e-01 -2.03242003e-01 -1.75903476e+01
-6.55488491e-01 3.88997257e-01 5.00160500e-01 3.88997257e-01 4.37832665e+00 -1.11941361e+00 5.00160500e-01 -1.11941361e+00 -2.55026941e+01
-2.12885696e+00 -1.26160204e+00 -3.48614588e-01 -1.26160204e+00 9.99147654e-01 -2.10858241e+00 -3.48614588e-01 -2.10858241e+00 -3.05046921e+01
-6.45094857e+00 1.59294593e+00 1.32086811e+00 1.59294593e+00 -1.10084575e+01 1.78639087e+00 1.32086811e+00 1.78639087e+00 -4.82924879e+01
6.45393848e-01 8.95510912e-01 6.72124170e-01 8.95510912e-01 -3.57144833e+00 -2.42234234e-01 6.72124170e-01 -2.42234234e-01 -3.28649464e+01
-5.46232128e+00 2.49775759e+00 4.71810158e-01 2.49775759e+00 -6.03883946e+00 7.65439529e-01 4.71810158e-01 7.65439529e-01 -4.20350024e+01
6.04545569e+00 1.85157135e+00 -4.37654811e+00 1.85157135e+00 7.42555523e+00 -4.28609271e-01 -4.37654811e+00 -4.28609271e-01 -1.30319206e+01
9.89059080e+00 1.11717384e-01 -2.97992887e+00 1.11717384e-01 1.40150311e+01 -3.23499339e-01 -2.97992887e+00 -3.23499339e-01 -4.56796105e+00
-2.08438857e+00 -1.55901117e+00 -6.10946224e+00 -1.55901117e+00 2.04323498e+00 -1.80874172e+00 -6.10946224e+00 -1.80874172e+00 -2.80263278e+01
-3.42005730e+00 -4.41617588e+00 -7.96030623e+00 -4.41617588e+00 -6.92193222e+00 -3.13098333e+00 -7.96030623e+00 -3.13098333e+00 -3.72745018e+01
-1.94184500e+01 1.20915911e-01 5.05260215e+00 1.20915911e-01 -2.89226455e+01 -3.61165623e-01 5.05260215e+00 -3.61165623e-01 -8.04210822e+01
-2.86325440e+01 -1.82988870e+00 5.14859935e+00 -1.82988870e+00 -3.42132843e+01 -7.35192001e-01 5.14859935e+00 -7.35192001e-01 -9.70970853e+01
1.02657146e+01 1.93352902e+00 -1.00545024e-01 1.93352902e+00 4.36053594e+00 -3.76125274e+00 -1.00545024e-01 -3.76125274e+00 -1.26977642e+01
3.14901961e+01 2.11809598e+00 -2.88250657e+00 2.11809598e+00 3.07754199e+01 3.72322400e-01 -2.88250657e+00 3.72322400e-01 3.74170891e+01
4.70026512e+01 -1.37678671e+00 1.04229078e+01 -1.37678671e+00 4.90565872e+01 -2.52611518e+00 1.04229078e+01 -2.52611518e+00 7.88898239e+01
1.92780284e+01 -1.53646532e+00 -1.32113380e+00 -1.53646532e+00 1.59153570e+01 -3.43470377e+00 -1.32113380e+00 -3.43470377e+00 1.34656284e+01
-1.96754732e+01 -4.49503358e-01 5.58436811e-01 -4.49503358e-01 -1.87313322e+01 6.12391436e+00 5.58436811e-01 6.12391436e+00 -6.83849187e+01
-2.58552043e+00 2.13247644e-01 -1.88022147e+00 2.13247644e-01 -4.74740473e+00 3.33885101e+00 -1.88022147e+00 3.33885101e+00 -3.76041215e+01
-8.75623512e+01 -1.00404530e+01 8.84173059e+00 -1.00404530e+01 -1.32251545e+02 -1.35850320e+01 8.84173059e+00 -1.35850320e+01 -2.56478600e+02
-2.58277651e+01 2.65548075e-01 -1.46856264e+00 2.65548075e-01 -2.16213606e+01 4.76920664e+00 -1.46856264e+00 4.76920664e+00 -8.04348221e+01
-1.20989586e+01 -3.22976612e-01 3.36586953e+00 -3.22976612e-01 -9.12300718e+00 1.32491214e-01 3.36586953e+00 1.32491214e-01 -5.28606348e+01
9.07724637e+00 -1.96736030e-01 2.02014419e+00 -1.96736030e-01 6.78741896e+00 1.50167076e+00 2.02014419e+00 1.50167076e+00 -1.25630047e+01
5.81225014e+00 2.77875260e-01 8.28676879e-01 2.77875260e-01 4.73568439e+00 -7.74905689e-01 8.28676879e-01 -7.74905689e-01 -1.84601841e+01
-2.70189018e+01 9.68856066e-01 -7.88898479e-01 9.68856066e-01 -3.37983465e+01 -4.19054198e+00 -7.88898479e-01 -4.19054198e+00 -9.39991872e+01
-1.05294523e+01 -1.60106194e+00 -2.74465597e+00 -1.60106194e+00 -2.06775626e+01 6.48886567e+00 -2.74465597e+00 6.48886567e+00 -5.93336103e+01
1.52313557e+01 -5.30968606e-03 5.77711165e-02 -5.30968606e-03 -7.99419403e-01 6.30296549e+00 5.77711165e-02 6.30296549e+00 -2.34875894e+01
1.16500797e+01 -1.88970038e+00 1.88081864e+00 -1.88970038e+00 1.94172900e+01 -2.28939934e+00 1.88081864e+00 -2.28939934e+00 3.96589959e+00
8.24750595e+01 -2.70736265e+00 1.24202454e+00 -2.70736265e+00 5.86203728e+01 2.04890060e+01 1.24202454e+00 2.04890060e+01 8.15978394e+01
4.67411575e+01 2.03685927e+00 4.70984310e-01 2.03685927e+00 4.13421555e+01 7.94299078e+00 4.70984310e-01 7.94299078e+00 6.07164383e+01
8.79811561e+00 -3.25618302e+00 -1.98940624e+00 -3.25618302e+00 8.17216587e+00 -2.61490732e-01 -1.98940624e+00 -2.61490732e-01 4.95555404e+00
1.57600975e+00 -6.15656283e+00 -1.80503296e+00 -6.15656283e+00 1.19906475e+01 -5.13451505e+00 -1.80503296e+00 -5.13451505e+00 4.57508691e+00
-1.05541480e+00 -9.74182606e-01 1.44105148e+00 -9.74182606e-01 1.15650940e+00 -1.03937960e+00 1.44105148e+00 -1.03937960e+00 -5.76662183e-01
-9.38913822e-01 5.84908351e-02 1.95120052e-01 5.84908351e-02 -1.03780381e-01 7.14067876e-01 1.95120052e-01 7.14067876e-01 5.67020655e-01
8.79851997e-01 -6.29715621e-01 2.84153521e-01 -6.29715621e-01 -3.50862294e-01 -1.32325768e+00 2.84153521e-01 -1.32325768e+00 -1.00478756e+00
3.24388534e-01 -1.66293287e+00 -1.26780438e+00 -1.66293287e+00 4.70674932e-01 1.25297046e+00 -1.26780438e+00 1.25297046e+00 -1.27088726e+00
7.07255416e+00 2.55744908e+00 1.60531159e+00 2.55744908e+00 -2.94653296e+00 9.91342056e-01 1.60531159e+00 9.91342056e-01 -6.90016208e-01
1.34686740e+00 -4.18215871e-01 -1.01375093e-01 -4.18215871e-01 -5.15549636e+00 1.03615185e+00 -1.01375093e-01 1.03615185e+00 -6.71953072e-01
-3.34858882e+00 9.61122543e-01 -1.14052609e-01 9.61122543e-01 6.53902218e-01 -1.47558749e+00 -1.14052609e-01 -1.47558749e+00 4.09591235e-01
-5.14918800e+00 -2.70849117e+00 -3.07103634e-01 -2.70849117e+00 2.19692059e+00 -1.03456197e+00 -3.07103634e-01 -1.03456197e+00 3.28082402e+00
1.64968634e+00 -2.37091240e-02 -2.50651501e-04 -2.37091240e-02 -2.33987522e+00 2.31407210e-03 -2.50651501e-04 2.31407210e-03 -3.04808712e+01
4.91303205e-02 3.19240555e-01 -9.59220086e-03 3.19240555e-01 -2.31406412e+00 3.66940767e-01 -9.59220086e-03 3.66940767e-01 -3.23442822e+01
5.03257513e-01 1.13729763e+00 2.47264754e-01 1.13729763e+00 -2.54340971e+00 4.83830341e-01 2.47264754e-01 4.83830341e-01 -3.19525764e+01
1.67077875e+00 3.42827246e-01 1.83676772e-01 3.42827246e-01 -2.74738359e+00 -1.05027994e-02 1.83676772e-01 -1.05027994e-02 -3.08471773e+01
-6.89894950e+00 6.40772849e-01 -7.64994952e-03 6.40772849e-01 -5.24732733e+00 1.10218444e+00 -7.64994952e-03 1.10218444e+00 -4.30003586e+01
-6.17108053e+00 2.26676491e+00 3.10551953e-01 2.26676491e+00 -5.18702343e+00 7.77946845e-01 3.10551953e-01 7.77946845e-01 -4.19144262e+01
-1.13143994e+01 1.19068235e+00 3.09740677e-02 1.19068235e+00 -6.56912005e+00 8.16288203e-01 3.09740677e-02 8.16288203e-01 -4.90087242e+01
-1.62489603e+01 1.77077764e+00 1.07565294e+00 1.77077764e+00 -9.10244656e+00 1.75334638e+00 1.07565294e+00 1.75334638e+00 -5.64973869e+01
-1.10655295e+01 -2.98285693e-01 5.51005546e-02 -2.98285693e-01 -4.62414169e+00 3.41758385e-01 5.51005546e-02 3.41758385e-01 -4.64618607e+01
-1.64827459e+01 -5.54055646e-01 1.99691412e+00 -5.54055646e-01 -7.53115015e+00 1.55202471e+00 1.99691412e+00 1.55202471e+00 -5.49594364e+01
-9.08216405e+00 -2.83554219e-01 8.88317525e-02 -2.83554219e-01 -2.34421303e+00 -3.59674588e-01 8.88317525e-02 -3.59674588e-01 -4.17889671e+01
-7.96438289e+00 -2.15844080e+00 2.01934871e+00 -2.15844080e+00 1.81612015e-01 2.36989567e-01 2.01934871e+00 2.36989567e-01 -3.70430193e+01
-2.25518780e+01 -3.40719819e+00 1.47686198e-01 -3.40719819e+00 -1.10372391e+01 4.39352363e-01 1.47686198e-01 4.39352363e-01 -6.47251816e+01
-2.01948700e+01 -1.79112154e+00 2.84312439e+00 -1.79112154e+00 -6.63691199e+00 -3.69277573e+00 2.84312439e+00 -3.69277573e+00 -5.62981453e+01
2.68723726e+00 3.01044013e+00 -1.19819012e+00 3.01044013e+00 -1.84306383e+00 1.22992766e+00 -1.19819012e+00 1.22992766e+00 -2.82619619e+01
-5.56677246e+00 5.30379415e-01 -4.05879200e-01 5.30379415e-01 -1.40514593e+01 1.58218473e-01 -4.05879200e-01 1.58218473e-01 -5.03298962e+01
-5.39590180e+00 4.56703776e+00 5.24068967e-01 4.56703776e+00 -5.27319747e+00 2.26015389e+00 5.24068967e-01 2.26015389e+00 -3.99986944e+01
6.95934725e+00 1.61576396e+00 1.57222326e+00 1.61576396e+00 1.13191218e+01 1.38227098e+00 1.57222326e+00 1.38227098e+00 -9.82419884e+00
2.03792963e+01 -1.08775495e+00 1.85543179e+00 -1.08775495e+00 2.01671207e+01 6.54649675e-01 1.85543179e+00 6.54649675e-01 1.29145906e+01
1.73064203e+01 -2.80447572e-01 1.79414867e+00 -2.80447572e-01 1.69119327e+01 -5.00790823e-01 1.79414867e+00 -5.00790823e-01 6.33257616e+00
1.70467682e+01 -5.02223954e+00 1.48169523e+00 -5.02223954e+00 7.02092361e+00 -1.02165574e+00 1.48169523e+00 -1.02165574e+00 -1.61064148e+00
-7.80732822e+01 -2.09631312e+00 5.99864984e+00 -2.09631312e+00 -9.32669449e+01 3.95687127e+00 5.99864984e+00 3.95687127e+00 -2.14029961e+02
-9.26716690e+01 -1.66767165e-01 3.20421338e+00 -1.66767165e-01 -9.91508560e+01 1.22999713e-01 3.20421338e+00 1.22999713e-01 -2.37556900e+02
1.55813814e+01 5.15485259e+00 -4.45287784e-01 5.15485259e+00 1.23184493e+01 2.76509877e+00 -4.45287784e-01 2.76509877e+00 1.86716588e+00
3.38474709e+01 -2.53330109e+00 2.33408529e+00 -2.53330109e+00 3.32949302e+01 1.50057092e+00 2.33408529e+00 1.50057092e+00 3.87397237e+01
3.07247410e+01 -1.76476032e+00 1.63272396e+00 -1.76476032e+00 2.73776594e+01 1.17171357e+00 1.63272396e+00 1.17171357e+00 3.16965384e+01
7.07218094e+00 -3.56801003e-01 2.99515367e-01 -3.56801003e-01 1.10821602e+01 -3.22265661e+00 2.99515367e-01 -3.22265661e+00 6.15583624e+00
2.61304804e+01 1.41735175e+00 4.67634018e+00 1.41735175e+00 1.77679241e+01 1.07053873e+00 4.67634018e+00 1.07053873e+00 2.93769135e+01
-1.48005533e+00 -8.35897499e+00 -2.94334388e+00 -8.35897499e+00 -1.02696772e+01 -9.04096872e-01 -2.94334388e+00 -9.04096872e-01 -4.78947783e+00
2.52587309e+01 2.51794365e+00 3.56308603e+00 2.51794365e+00 1.23710518e+01 3.80346686e-01 3.56308603e+00 3.80346686e-01 2.94432510e+01
1.41805058e+01 6.76497114e+00 -1.03927087e+01 6.76497114e+00 2.31392117e+01 1.35356090e+01 -1.03927087e+01 1.35356090e+01 5.26140066e+01
2.43277216e+01 -2.65456092e+00 3.90306398e+00 -2.65456092e+00 2.88376751e+01 -2.12048697e+00 3.90306398e+00 -2.12048697e+00 4.07909546e+01
-8.17630672e+00 8.60556412e+00 -1.71836996e+00 8.60556412e+00 3.95843863e-01 1.96089344e+01 -1.71836996e+00 1.96089344e+01 -3.95202522e+01
1.52144736e+01 4.61937602e+00 -3.29556843e+00 4.61937602e+00 2.32639538e+01 -1.26480973e+00 -3.29556843e+00 -1.26480973e+00 9.79728134e+00
1.29685807e+01 -1.09916131e-01 4.03458202e+00 -1.09916131e-01 7.40708224e+00 2.60078152e+00 4.03458202e+00 2.60078152e+00 6.07974235e+00
-9.75863516e-01 4.59732996e+00 4.67833775e+00 4.59732996e+00 1.10991821e+01 -8.35446477e-01 4.67833775e+00 -8.35446477e-01 2.78384523e+00
-7.66927928e-01 -4.85286295e+00 -6.94812074e-01 -4.85286295e+00 6.09243554e+00 2.21034616e+00 -6.94812074e-01 2.21034616e+00 1.01890544e+01
3.87481993e+00 -2.32289696e+00 -9.12127733e-01 -2.32289696e+00 -8.22483397e+00 -6.50509149e-02 -9.12127733e-01 -6.50509149e-02 5.98910624e+00
-1.98736215e+00 -4.86798286e-02 -1.46620779e+00 -4.86798286e-02 -7.06812108e+00 -1.35616252e+00 -1.46620779e+00 -1.35616252e+00 3.42437398e+00
-8.46330795e+01 2.43558908e+00 -2.86876583e+00 2.43558908e+00 -5.98091927e+01 9.49125707e-01 -2.86876583e+00 9.49125707e-01 -1.83711761e+02
-1.24100769e+02 4.06892920e+00 -4.77821529e-02 4.06892920e+00 -1.11791443e+02 1.84869277e+00 -4.77821529e-02 1.84869277e+00 -2.85296082e+02
4.22762362e+00 -1.44281002e+00 1.44212683e+00 -1.44281002e+00 2.35823599e+00 2.13264281e+00 1.44212683e+00 2.13264281e+00 -2.28034299e+01
-1.20782661e+00 -2.23959929e+00 3.81652629e+00 -2.23959929e+00 -7.92733955e+00 1.69022903e-02 3.81652629e+00 1.69022903e-02 -3.86691732e+01
1.39141835e+00 2.25523680e+00 -1.50854107e-01 2.25523680e+00 -3.51586103e-01 -7.52126072e-01 -1.50854107e-01 -7.52126072e-01 3.24222844e+00
1.24566311e+01 1.44794854e+00 1.09350363e-01 1.44794854e+00 2.68200235e+01 5.72300760e+00 1.09350363e-01 5.72300760e+00 2.44556341e+01
2.50859547e+00 1.45688462e+00 4.29951549e-01 1.45688462e+00 -6.15174603e+00 6.21094525e-01 4.29951549e-01 6.21094525e-01 -2.83883739e+00
4.10674047e+00 -1.86794436e+00 9.17644850e-01 -1.86794436e+00 -9.11457062e-01 7.92678252e-01 9.17644850e-01 7.92678252e-01 -2.56570196e+01
1.18844538e+01 1.50145388e+00 -5.10955870e-01 1.50145388e+00 7.14986849e+00 2.81563532e-02 -5.10955870e-01 2.81563532e-02 -8.99995041e+00
-1.31919861e+00 -1.19920343e+00 2.71879546e-01 -1.19920343e+00 -1.63239861e+00 3.92952165e+00 2.71879546e-01 3.92952165e+00 -3.34111271e+01
-5.22233045e+00 -2.25665635e+00 -8.74186717e-02 -2.25665635e+00 -1.45559392e+01 3.67473936e+00 -8.74186717e-02 3.67473936e+00 -4.93247051e+01
1.39355879e+01 3.05697495e+00 -2.21029814e+00 3.05697495e+00 3.87938118e+00 6.33506179e-01 -2.21029814e+00 6.33506179e-01 -1.05741768e+01
6.22444344e+00 -1.21821839e+00 -1.45279038e+00 -1.21821839e+00 2.28217020e+01 2.10700333e+00 -1.45279038e+00 2.10700333e+00 4.43077469e+00
2.32175848e+01 3.68306658e+00 -2.49047861e+00 3.68306658e+00 2.61130190e+01 2.07885826e+00 -2.49047861e+00 2.07885826e+00 2.59055986e+01
-6.40552485e+00 1.42576933e+00 -1.17040342e+00 1.42576933e+00 1.88139546e+00 6.98208272e-01 -1.17040342e+00 6.98208272e-01 3.95477697e+00
-4.51162958e+00 1.45080960e+00 -4.46880385e-02 1.45080960e+00 -4.06012475e-01 -1.33255914e-01 -4.46880385e-02 -1.33255914e-01 8.22907984e-01
</DataArray>
<DataArray type="Float32" Name="Logarithmic_strain_components" NumberOfComponents="9" format="ascii">
2.42367897e-02 -5.76416085e-03 1.91805541e-03 -5.76416085e-03 2.12185711e-02 5.73186902e-03 1.91805541e-03 5.73186902e-03 -3.77657963e-02
2.50631102e-02 -1.02586731e-02 6.61805869e-04 -1.02586731e-02 2.69473665e-02 1.11042676e-02 6.61805869e-04 1.11042676e-02 -4.37171089e-02
2.93084923e-02 -5.43931965e-04 3.77706537e-03 -5.43931965e-04 3.78226172e-02 -3.56967089e-03 3.77706537e-03 -3.56967089e-03 -5.70746465e-02
2.45844787e-02 -7.12725916e-04 -2.45676425e-03 -7.12725916e-04 2.92686704e-02 -2.29594065e-04 -2.45676425e-03 -2.29594065e-04 -4.58031548e-02
2.47338891e-02 3.52081900e-03 1.05759905e-02 3.52081900e-03 3.10454632e-02 6.42711437e-03 1.05759905e-02 6.42711437e-03 -4.57133865e-02
2.71339786e-02 -8.49000246e-03 -1.04401041e-02 -8.49000246e-03 4.17339099e-02 1.14620426e-02 -1.04401041e-02 1.14620426e-02 -5.72653881e-02
4.03881944e-02 -1.76554150e-03 -1.05167928e-03 -1.76554150e-03 4.67180368e-02 -1.08389065e-02 -1.05167928e-03 -1.08389065e-02 -7.41158547e-02
2.88383486e-02 1.28993237e-02 8.69740726e-03 1.28993237e-02 3.56073929e-02 1.21307648e-02 8.69740726e-03 1.21307648e-02 -5.42466044e-02
3.42053124e-02 7.57317059e-04 -1.55030016e-02 7.57317059e-04 3.57035268e-02 1.53218429e-02 -1.55030016e-02 1.53218429e-02 -6.17925767e-02
4.53175306e-02 9.21174738e-04 -7.43996259e-03 9.21174738e-04 5.03188241e-02 1.94160230e-02 -7.43996259e-03 1.94160230e-02 -8.61424841e-02
4.85710750e-02 2.21968358e-02 -7.27098311e-02 2.21968358e-02 4.71612513e-02 -7.45850646e-03 -7.27098311e-02 -7.45850646e-03 -8.38379885e-02
6.91055357e-02 2.29463298e-02 -5.70390616e-02 2.29463298e-02 4.15010061e-02 -1.02883299e-02 -5.70390616e-02 -1.02883299e-02 -9.64693651e-02
-2.57254146e-06 -2.94905085e-05 -1.11627685e-05 -2.94905085e-05 7.26194452e-06 9.50105641e-06 -1.11627685e-05 9.50105641e-06 -9.63106709e-06
-8.02868544e-06 -4.63904757e-06 -5.62048535e-06 -4.63904757e-06 -2.41120915e-07 -9.62777131e-06 -5.62048535e-06 -9.62777131e-06 2.96969870e-06
1.71859829e-05 -7.25969244e-06 -2.85343049e-06 -7.25969244e-06 -1.25721158e-07 2.68991023e-05 -2.85343049e-06 2.68991023e-05 -2.19418816e-05
1.10987280e-05 -3.21081388e-05 -5.25975338e-07 -3.21081388e-05 -3.58217824e-06 -2.38953908e-05 -5.25975338e-07 -2.38953908e-05 -1.17722063e-05
4.18554464e-06 1.01859923e-05 1.80252609e-05 1.01859923e-05 1.10236169e-06 9.84195594e-06 1.80252609e-05 9.84195594e-06 -1.96014435e-06
-2.82460951e-06 1.52290329e-06 6.97149517e-06 1.52290329e-06 -4.92436402e-06 -2.58802260e-07 6.97149517e-06 -2.58802260e-07 1.18297385e-05
-1.91092931e-06 2.82480892e-06 -1.40561233e-05 2.82480892e-06 4.32163233e-06 -2.68612403e-05 -1.40561233e-05 -2.68612403e-05 2.16870785e-06
-9.07734284e-06 1.05773024e-05 -5.82391749e-06 1.05773024e-05 -4.31060880e-06 1.69635186e-05 -5.82391749e-06 1.69635186e-05 1.64991088e-05
3.70705202e-02 7.62454511e-06 8.79132096e-03 7.62454511e-06 3.87704819e-02 -1.98990037e-03 8.79132096e-03 -1.98990037e-03 -6.42011762e-02
3.81236756e-02 1.41005602e-03 6.03350240e-03 1.41005602e-03 3.73750106e-02 2.05501076e-03 6.03350240e-03 2.05501076e-03 -6.39153589e-02
3.66883050e-02 -7.69384304e-03 1.01508532e-02 -7.69384304e-03 3.78385847e-02 2.92727581e-03 1.01508532e-02 2.92727581e-03 -6.27131439e-02
3.54997041e-02 1.19847318e-03 9.10703704e-03 1.19847318e-03 3.97705836e-02 -4.73563944e-03 9.10703704e-03 -4.73563944e-03 -6.36839438e-02
